0.7239191659995823	0.8398568411252448	0.45933133753038197	0.6564336192469948	0.7389472616940412	0.34519115316469084	0.8032364193896393	0.9049284591500866	0.594943150534788	1.0	1.0	1.0
0.6614880543716778	0.9329054191662149	0.2439663239411911	0.5684878363294643	0.839727618691054	0.13578526290580234	0.7592156981485314	0.9845821354559398	0.3694734054364611	1.0	1.0	1.0
0.7119698073985392	0.9004048143886223	0.4376517425926629	0.614719305081089	0.8374897296911746	0.32610478016969513	0.8073914609119225	0.9460861545423302	0.5374557498748478	1.0	1.0	1.0
0.6956293261955233	0.9075034808613844	0.35598753317909687	0.5875867185560947	0.8231031234217676	0.2192772833838285	0.821677410492958	0.969034168010414	0.48193351591057976	1.0	1.0	1.0
0.7418999241699887	0.8430570529304922	0.34868371628203065	0.6859104840153957	0.7065575155082611	0.23881656139978497	0.7975591393649261	0.9239956614177146	0.48769656260339306	1.0	1.0	1.0
0.6420522581524218	0.8766198675834755	0.42638933672338436	0.571044542823332	0.7956462523921695	0.32294373975698343	0.7298380425231941	0.9294221228066849	0.5615723685133936	1.0	1.0	1.0
0.7809925910924987	0.9357680961063445	0.3129444194693396	0.6564372835639303	0.8258759401352644	0.1903109814624639	0.9178090877383478	0.9864979086186016	0.4516483678663191	1.0	1.0	1.0
0.6728526605201776	0.8180700294280961	0.33298286018308015	0.6213965054271456	0.5702295994371435	0.189163348212012	0.7227485620158494	0.9376200369729024	0.48071856390751955	1.0	1.0	1.0
0.6325596967416433	0.9207999279073678	0.31338742361792016	0.5574725138460287	0.8414184742078293	0.21549107147860924	0.7266799910253026	0.9689015097227414	0.435047320457525	1.0	1.0	1.0
0.7756538596031046	0.8700618071187988	0.44614120648383765	0.6790574274849787	0.7425384480422808	0.3160196711219435	0.8871152958031634	0.9366702440397644	0.6103558053466941	1.0	1.0	1.0
0.7446732959581	0.9340553265171189	0.2806638474974235	0.6673383475885487	0.8916059517038194	0.18934835970170033	0.8296755386431655	0.9695912723801215	0.38070990990550263	1.0	1.0	1.0
0.6813063528191924	0.8561054659515266	0.49484763419760236	0.59500675521284	0.7794294674182531	0.3846571973899215	0.7617655053362578	0.9164712455152105	0.6532868059077349	1.0	1.0	0.0
0.6440326801723265	0.8689555753168725	0.4262585019654722	0.5820702881293667	0.7809231660879822	0.3215702846638028	0.6985893995130541	0.9236826937831228	0.5162787713105197	1.0	1.0	1.0
0.6694310566791142	0.9196857635744795	0.3366107461843209	0.5339832066601311	0.8106100815196202	0.22721604648346722	0.8016091494159677	0.9765655651965688	0.45851584434950887	1.0	1.0	1.0
0.6108802119104249	0.7871166149119138	0.48965389687861927	0.5616187596141483	0.6432455811904227	0.36042292532640974	0.6630834628730645	0.8768055881435177	0.6257332815829016	0.0	0.0	1.0
0.7311042537698296	0.8997115324740523	0.37098792094695915	0.6342431426076941	0.8042568450239996	0.27120122103033917	0.8400500533482979	0.9615872148372778	0.5152222978675302	1.0	1.0	1.0
0.7488801181378452	0.8640752906168991	0.4741770118077288	0.6675067244948751	0.7564881909277773	0.35644934236465187	0.8441142080772931	0.9269825579234554	0.5988231636995206	1.0	1.0	1.0
0.8212316747960088	0.9044226486689179	0.3041142449786522	0.7202432482837687	0.783556126835845	0.18427615132268982	0.9347806801213174	0.9740358015311115	0.4347520712433164	0.0	1.0	1.0
0.7322637310206888	0.7533722182241646	0.39573313894268847	0.686729012804633	0.5490945419152802	0.2582614704872175	0.7849032900455809	0.8913417084655733	0.5745893580652548	1.0	0.0	1.0
0.6315213244606962	0.8848893969035971	0.3395956595261442	0.5688889798252299	0.7738722277097131	0.21238997998447123	0.7014628560845554	0.9513971831775863	0.48492127144351016	1.0	1.0	1.0
0.6599465615718431	0.8965728084101592	0.36053834167242854	0.5835631676247295	0.7869098500194027	0.2586903631890876	0.7265730370895598	0.9527264976941364	0.4736953487237611	1.0	1.0	1.0
0.6271620209523927	0.9273567059542782	0.24590047356625896	0.5362365905149791	0.7764230404070809	0.15376885920751904	0.7095779772866597	0.9843302530660285	0.3845194115655639	1.0	1.0	1.0
0.7011109328094542	0.877124142279087	0.37921352167221944	0.6289245488367424	0.7504508458405924	0.274260052571372	0.784312540849069	0.941481358838129	0.5000292670584834	1.0	1.0	1.0
0.7307008854542144	0.8351461964965838	0.4835779520549162	0.655669021832032	0.6965209095266787	0.36364822790605084	0.8033661046235745	0.913301738184654	0.6088984380897373	1.0	1.0	0.0
0.7254197184167961	0.8331639671203425	0.4396120083619278	0.6647949152615953	0.7373792512920652	0.315735329071727	0.7797042049000641	0.9046683779855273	0.5557201925054627	1.0	1.0	1.0
0.6726366432761097	0.9145144512752277	0.361393167251098	0.5460217908743519	0.7760360843942766	0.23833007578082774	0.7585194031278744	0.9697788993977402	0.5249722351254015	1.0	1.0	1.0
0.7446089663639709	0.8680479130933213	0.4514784433941611	0.6493319736232311	0.783204181362711	0.32117864494571735	0.8349778042432549	0.9269173869234255	0.5864761710963984	1.0	1.0	1.0
0.7231079715258898	0.7920509259532399	0.5105695565191245	0.660780842855268	0.6535697840900986	0.3899805870324918	0.793083397467956	0.88345086442119	0.6629367098404999	1.0	0.0	0.0
0.6747257835318423	0.8896741617902013	0.3455582054068407	0.5987047310990583	0.7781209110933474	0.22715651534953166	0.7541794714810377	0.9546200308063234	0.48310519019866544	1.0	1.0	1.0
0.7261180068084074	0.871815467629654	0.37858649842353137	0.6421467100489231	0.7706174268317045	0.2799284749319423	0.8032171423744109	0.9333824579583815	0.48957214856983	1.0	1.0	1.0
0.7369414762536217	0.9036515565174174	0.3349208369825231	0.6411620440955217	0.7937576490167365	0.21751153209081303	0.8526054780125538	0.9668319041822125	0.4428943865482021	1.0	1.0	1.0
0.7028501534720183	0.8855232407062963	0.4306288147412238	0.6225510039649533	0.7955560203781415	0.3098730763607983	0.8039277157907498	0.9411844847963807	0.5706926302799035	1.0	1.0	1.0
0.7535922494042575	0.7175632923769131	0.6021346341964227	0.6996439320020794	0.5550280169195742	0.4623243277870595	0.8231253597084139	0.8262124515244075	0.7509350915332618	0.0	0.0	0.0
0.7546024127355643	0.8971498172543487	0.3441670102396307	0.6729722198486063	0.8265728122090118	0.2035234023621131	0.8269383256406528	0.9618294906953776	0.47244441592690645	1.0	1.0	1.0
0.6418353217570235	0.8575387546569571	0.39485112990086196	0.5877733462660428	0.7389637223424538	0.2847507369172904	0.708110747312627	0.9229053546912764	0.5381468332942441	1.0	1.0	1.0
0.6454179975958194	0.871340564646905	0.4447851016807357	0.5869111376692329	0.7577018865063028	0.33252424272794034	0.7316326724231538	0.9293475276260146	0.5549450002520467	1.0	1.0	1.0
0.7687132699598656	0.837900925229825	0.4685308356855243	0.7015530626304194	0.7305005004959925	0.33136792083289585	0.8528063943018969	0.9022493817536995	0.5996581489775037	0.0	1.0	1.0
0.7198859123366034	0.921487539910879	0.3702312900792272	0.36493453178897983	0.8262660172302049	0.20682376352646237	0.8930114891108157	0.9889661597771191	0.5137605321952199	1.0	1.0	1.0
0.6450283957358773	0.8685377267168827	0.4221791799948584	0.5637169534276428	0.7117900976093975	0.2863011566741315	0.7262107067535999	0.944019778096573	0.5675289965425159	1.0	1.0	1.0
0.6598309996581802	0.8413444746826276	0.4275964555353837	0.5893756303320394	0.6954672527292038	0.3197024716178334	0.7263193207294977	0.9131189066780995	0.5590961422722652	1.0	1.0	1.0
0.7451819587453583	0.8366515491676549	0.4411846662310711	0.6766318441748099	0.6884403386510959	0.32425017647605653	0.8203135765151759	0.9199665880084661	0.5801358171847781	1.0	1.0	1.0
0.6499912067178044	0.9263033854677029	0.284301217723012	0.5187513803144379	0.8195573567202181	0.17905340900729622	0.7823932618516122	0.9839937667968212	0.4042438070629695	1.0	1.0	1.0
0.6754402825395311	0.8540542834876972	0.45468706087225585	0.6077110837120923	0.761851677208225	0.3532299384156247	0.7477520812271571	0.9172495088219574	0.575659291446238	1.0	1.0	1.0
0.7102875788325216	0.906589239027028	0.3191122480976818	0.6326014304458539	0.7971786938566157	0.2092495865224675	0.7874142680245482	0.9641270220931846	0.42442949451089723	1.0	1.0	1.0
0.6208694341377461	0.7823969600173518	0.45455895374807026	0.56913332505048	0.6564187589786439	0.31045804075728134	0.6703804465640191	0.8828051478737626	0.5849441468393778	0.0	0.0	1.0
0.6425562862934419	0.8799802346691518	0.3862908405208834	0.5861714067997256	0.7899652048816592	0.2937306314972293	0.7187621721874196	0.9384620516954016	0.4920911799993814	1.0	1.0	1.0
0.739678634310286	0.8919955483359022	0.38133538000410944	0.6503899886096187	0.805549724987305	0.268597467059667	0.8545411178315737	0.9511160725155625	0.5077848311159376	1.0	1.0	1.0
0.7468561344410268	0.8984346723305949	0.3787096064359206	0.65332238388074	0.820022047006867	0.2623509905798394	0.8297966165090216	0.9563361980282905	0.49278815327149106	1.0	1.0	1.0
0.6692744101593481	0.8472905466096311	0.40384161853106637	0.6101738949781805	0.7415293964688261	0.2914089210553744	0.7309802096252637	0.9165355385760613	0.5094931032719936	1.0	1.0	1.0
0.6928325066822313	0.926990400099887	0.2998857912288066	0.48997142673781957	0.8287344663631457	0.17232617836136124	0.9044604406415245	0.9888130372600838	0.4398542339869116	1.0	1.0	1.0
0.6699971877204557	0.8894623384139798	0.3744508708239451	0.5873677755411483	0.7818320177459308	0.2669834929297876	0.7453631600500874	0.9540194157999142	0.4880329812550319	1.0	1.0	1.0
0.7105000321740906	0.9077174469767554	0.2705132535333317	0.6095596082479955	0.6654838793271292	0.154314043346332	0.8211365638196457	0.9799659126914197	0.4201775322846583	1.0	1.0	1.0
0.7176131668584471	0.9074064314795728	0.3526503981940581	0.6394697467383482	0.8202689775975281	0.26319999509011904	0.7994708579676861	0.9505569371292364	0.4757935722474349	1.0	1.0	1.0
0.6183755289688675	0.8623882645727913	0.4327801277041621	0.5532510766857505	0.7390462315108364	0.3087172633038443	0.6938923754278903	0.9401794494152611	0.5494246064036099	1.0	1.0	1.0
0.6881105733151064	0.88271578113623	0.3701844618287996	0.6237793145556625	0.7873045568014674	0.27229362398849377	0.7754860922920627	0.9416829304816187	0.5048641729911901	1.0	1.0	1.0
0.752437358166967	0.8604337313664553	0.3615551653125209	0.6787236004868897	0.7509756388024318	0.26390123720654823	0.8448807300488438	0.9288150774577301	0.49698631015134936	1.0	1.0	1.0
0.638125000253985	0.8684629673923716	0.42899161303526995	0.5485083252670736	0.6950868196799493	0.30616421201711613	0.7111728155696335	0.9416356487140666	0.5863055699472904	1.0	1.0	1.0
0.6934199500281304	0.758241158445717	0.4425438500933161	0.6499617062905325	0.611793893005965	0.3151789273763985	0.7449005998541072	0.8668633349604599	0.5714625907374331	1.0	0.0	1.0
0.7193060541477382	0.8811606553066839	0.39396714014585454	0.637382315709033	0.7363801149010274	0.28918323489473163	0.8092525551406684	0.9444670841050553	0.5210478545981231	1.0	1.0	1.0
0.6926903251456724	0.9355094765119158	0.3230139654351735	0.5848259891056028	0.8889017436264417	0.22618552630725067	0.7937642098519713	0.9816119443543657	0.4187977960814164	1.0	1.0	1.0
0.721518474118915	0.8716221179280101	0.41227697110645534	0.6566329308618266	0.7837860750196503	0.3006921734761667	0.7996983125778627	0.9217810482777066	0.5186348272708655	1.0	1.0	1.0
0.639249991709439	0.8395136582253092	0.46493104739845886	0.5838012281732385	0.7214974025643744	0.36306120542775466	0.7007213874348281	0.906012242884897	0.5831835489733693	1.0	1.0	0.0
0.6954754260262148	0.8946552591814039	0.3236246680832627	0.6033277865742266	0.7960248164684387	0.2046598395052174	0.7774524190898822	0.9731422796191816	0.44272574133814385	1.0	1.0	1.0
0.6568729984460242	0.9223296390012792	0.3413006999019293	0.5160388525841032	0.8486049665495421	0.23145545229899497	0.7511287163655841	0.9773992589442971	0.45424372524635753	1.0	1.0	1.0
0.7509208770648867	0.8587327790201688	0.39143576867980434	0.6888803865507236	0.7718600937148259	0.27167802437780597	0.822817022197837	0.9271186361719829	0.5214587856374673	1.0	1.0	1.0
0.7937776510247454	0.9154061476352465	0.30707539163571246	0.7024809186890082	0.8469868992082784	0.21913544432110885	0.8888710007153625	0.9615383261938651	0.40270834616740186	0.0	1.0	1.0
0.6010169589796772	0.8949766481738262	0.37644575148959086	0.524870501017005	0.7710702905890594	0.27045649975799824	0.6864010205507467	0.958864575181831	0.5127054395738236	0.0	1.0	1.0
0.645834449002673	0.8981064502013772	0.3618845148390445	0.5556802010306121	0.7759605661525821	0.223508282948982	0.7459300334381033	0.9682168661267846	0.491288782318124	1.0	1.0	1.0
0.8245351153221099	0.8640374353072163	0.4012206315974563	0.7469296836384876	0.7381611751061643	0.2695403528664207	0.907462169672016	0.9285158746956278	0.5355784963991342	0.0	1.0	1.0
0.7105849789529867	0.922428411807816	0.2891652279851553	0.6178766121433765	0.8413630624188191	0.19304424875305284	0.8020786545508592	0.9735426836114204	0.3974854360317203	1.0	1.0	1.0
0.685364779994162	0.9292106753215824	0.3401739970150162	0.5404371132474467	0.8542864967010786	0.2389212170269885	0.7761600220776395	0.980451485476032	0.4818773768036972	1.0	1.0	1.0
0.7927749431155975	0.880811673671902	0.3534612287272456	0.6849135015826012	0.755659231733432	0.23121284171382858	0.8851169715992757	0.9728252483252077	0.4993553782243642	1.0	1.0	1.0
0.7675278941059542	0.9215812357715872	0.3176320152136944	0.6517409364984319	0.8322200237610619	0.2158312294523918	0.8760236646306151	0.9796165588615163	0.4539194964887628	1.0	1.0	1.0
0.700173677785691	0.8202276204267378	0.4902189451423448	0.6324024715174204	0.6630585796313554	0.36650595627442567	0.7774026414828636	0.9036398372355712	0.6464912046385034	1.0	1.0	0.0
0.6966737145832387	0.8349506855306532	0.4543314361556481	0.6356796093581225	0.7102293297947285	0.3387598526273601	0.7639696368771001	0.9083977272462503	0.5801970220119623	1.0	1.0	1.0
0.8753702800992308	0.861554712666602	0.38722484996681583	0.7914812342644726	0.7711348042826762	0.2827241415517875	0.9710882381761429	0.9210779464201987	0.5049655688045069	0.0	1.0	1.0
0.666448844752296	0.864997357287514	0.37711942520963476	0.5975254519301375	0.7501410813492833	0.26207376234862984	0.7348137233622514	0.9342254464678349	0.5048951063270088	1.0	1.0	1.0
0.6356020798147202	0.8639941417946301	0.4066549143693027	0.5743485618761769	0.7638478675121938	0.3014095406581807	0.7102126524082121	0.9296284108697707	0.5155602687508765	1.0	1.0	1.0
0.7319326241975485	0.892808349046993	0.3577694399827552	0.641540767382228	0.7793665171651482	0.2306635143487852	0.8242726883712751	0.9561967154937815	0.4792337576372738	1.0	1.0	1.0
0.7531894061630012	0.9155855999479998	0.2997674131896671	0.6599101514692496	0.8312985399962945	0.17807240434654986	0.8617725756789423	0.9743195541353092	0.4212030287920748	1.0	1.0	1.0
0.6850403206057439	0.8538632321925548	0.4156998121276595	0.6227934392884056	0.7101066032094341	0.2966420496277673	0.7540013119385489	0.931141310647737	0.5376516635771253	1.0	1.0	1.0
0.729814430877719	0.8831918748068516	0.31692125802732835	0.6693792987375166	0.7560833799841732	0.20251913188644566	0.8055041093045783	0.944738189193787	0.46008540711945484	1.0	1.0	1.0
0.7510434706782974	0.9458470779136731	0.25580064065034347	0.6174315706179692	0.8779384580312226	0.16224493630683048	0.8619813415971206	0.9844927778892375	0.3561962794968439	1.0	1.0	0.0
0.7238025392915481	0.8677529109645222	0.4456241614465837	0.6419336723875223	0.762301407278511	0.33802203711855894	0.8022572951253404	0.9282135973533668	0.5798599265108315	1.0	1.0	1.0
0.714658823177547	0.8972411761158341	0.3365497567604488	0.6188648646389061	0.8070818860484138	0.21442783928837209	0.8046909300284453	0.9655284942121746	0.46684436844960797	1.0	1.0	1.0
0.7268060755564879	0.885618944717397	0.3783104800795601	0.6562897130593646	0.788981289223051	0.2610401459245315	0.8124480744559032	0.9469323875877063	0.49674518873592777	1.0	1.0	1.0
0.6449381884557761	0.9076687323102508	0.3495667270080837	0.5544923696314031	0.8044292529728141	0.22572530207992936	0.7827571870082329	0.9757303629162449	0.4724700218492007	1.0	1.0	1.0
0.6515138958631658	0.8600468852722002	0.4715377988712503	0.5882945266457196	0.7558507231557012	0.35405099814069646	0.7281882540446053	0.9204016429069245	0.6028871281162096	1.0	1.0	1.0
0.7476719732488386	0.8473938683247136	0.43483013599732656	0.6495301473511599	0.7409968335323992	0.3297390762455158	0.8682885627171009	0.9079655541798815	0.5371398159255989	1.0	1.0	1.0
0.7421823976237104	0.8102540404940999	0.4888826605906319	0.6783664927821086	0.7222721375211059	0.3861970065572862	0.8202321389386653	0.8814021629997498	0.6018294729750632	1.0	0.0	0.0
0.6738139161188136	0.879917600251083	0.4675997378885753	0.5977148345815224	0.788938044604043	0.3464783228529159	0.7596776683086253	0.9405532116219074	0.5843289430905765	1.0	1.0	1.0
0.7201483041819324	0.9050767590944204	0.3986880249273719	0.6051553174759104	0.8065681718749692	0.2918485317486583	0.8341919829992971	0.9563387530044098	0.5310981127689944	1.0	1.0	1.0
0.7293251223474884	0.9423947514710643	0.2995357989495329	0.6257764956087853	0.8583857885011997	0.19451574887210582	0.8183995574793527	0.9843005372701018	0.4101314999528536	1.0	1.0	1.0
0.7150909796509609	0.9066589210048692	0.3023786909330005	0.6411657280816682	0.7674847687869436	0.18928933613976653	0.8105333891452147	0.9726857250406618	0.4437011295475354	1.0	1.0	1.0
0.7238710299720935	0.8683194391151321	0.3950275254987947	0.6510900326633448	0.7752969922059723	0.28011466090992354	0.8019725769698716	0.9290196903744784	0.5035163388442735	1.0	1.0	1.0
0.6864905810220512	0.9397103566781343	0.24555564223573967	0.559392490468729	0.8611360948932659	0.12176210760578764	0.8540767864608615	0.9853314846191834	0.3643851943029453	1.0	1.0	1.0
0.7094886873638048	0.8811959026212897	0.4192182673937058	0.617253931784	0.7590635081505602	0.2997459733157926	0.7966851839772648	0.9490114183074957	0.5632317814229256	1.0	1.0	1.0
0.6759210679977748	0.9102329500303457	0.3600694687422789	0.5587201555131308	0.8026076336788893	0.2143903109818282	0.7701628267815225	0.9801540234103514	0.4975882605223185	1.0	1.0	1.0
0.6865060352366	0.8965396515609547	0.41371639521187875	0.5886324653595373	0.7990981706897078	0.2833684789531895	0.7897572766135438	0.9564753492190108	0.5386644892679033	1.0	1.0	1.0
0.6462455340030082	0.8306572372790769	0.4372186370724748	0.5937653279529179	0.70428017665976	0.32103410166669943	0.703745093348877	0.9104281028401509	0.5496147036389021	1.0	1.0	1.0
0.628686371475736	0.8494507157018276	0.5025412690353823	0.560910695601147	0.7580379651552681	0.37979800606823966	0.7049213593915616	0.9134624738572825	0.6384629342552903	1.0	1.0	0.0
0.6901363052319196	0.853601982505993	0.5319950815003656	0.6196730004045654	0.7599276731370431	0.4038066782120876	0.779458336716332	0.9134340451120407	0.6676081040633991	1.0	1.0	0.0
0.6692297252732583	0.9273724300241764	0.36211478714389184	0.5587581011568993	0.865080121090487	0.23853211295281518	0.7853062446466366	0.9784789403736338	0.4751315473409231	1.0	1.0	1.0
0.6636125853226458	0.8953407627212048	0.3871933909591434	0.5824648263975545	0.7967234444192329	0.23674949724849734	0.7391891678133319	0.9788664592624977	0.500100470906816	1.0	1.0	1.0
0.6746727049849944	0.8556804145700987	0.44514243409627613	0.6091031806688112	0.7412966136135396	0.334198852053317	0.7500396036755047	0.923792777171494	0.5719037834580685	1.0	1.0	1.0
0.7227510154552631	0.8812049693761642	0.3633435127420657	0.6376266576442677	0.7789560867568219	0.25340169339276486	0.8140063924002776	0.9418953647199799	0.4766297322988549	1.0	1.0	1.0
0.7413514247239396	0.7353866130614797	0.5975586984544157	0.6756781623717809	0.5832077386480278	0.4566678556987579	0.8053557865720375	0.832682978468018	0.7357847939889884	1.0	0.0	0.0
0.6353717548308804	0.8849637938252051	0.43004324204849187	0.5471836032341646	0.7822192736516231	0.21370688857916043	0.7075981087554103	0.9849776888445672	0.6008928779243434	1.0	1.0	1.0
0.7353485720765024	0.8492098352918948	0.5183014558210887	0.6494211866300026	0.7650947292874687	0.39093135355036585	0.8310732014586305	0.909911884270487	0.6459923180748317	1.0	1.0	0.0
0.6730751907679416	0.8540598593715932	0.3910125871014822	0.6000754208337226	0.7197262576076267	0.27349120305857055	0.7460741983039405	0.9284749071462538	0.5184601023189466	1.0	1.0	1.0
0.6964268936112816	0.8773527523985463	0.36196016740270287	0.6278525526713994	0.7678952859111187	0.2708613237090053	0.753854205999806	0.935239028859678	0.4670871510899983	1.0	1.0	1.0
0.666984397514552	0.9124952433168103	0.31019332130913346	0.5661665123007632	0.8430319006350185	0.18630870646769881	0.7584421045022773	0.9760726901088195	0.44431810134348615	1.0	1.0	1.0
0.6600475431098339	0.9240017931608985	0.32017294272466634	0.5806157886394465	0.8385643133201938	0.20893784565234216	0.7519925038732164	0.9699187784690623	0.4349217261098804	1.0	1.0	1.0
0.7426209944982946	0.886920490009761	0.38328500642256047	0.6753619958624413	0.8212098457768826	0.30374669385722397	0.8217768739667992	0.9369154654971797	0.46416155523391595	1.0	1.0	1.0
0.6822391119488412	0.8905521213829916	0.33529842916304664	0.6007057813259593	0.7703084240483322	0.23052166245647912	0.7932773676084026	0.9475593414303306	0.4792850337276671	1.0	1.0	1.0
0.7541576590077441	0.8866998917479945	0.3633532889222604	0.667716964026377	0.7576201021387852	0.26564722310046557	0.8650340658166432	0.9510976011438035	0.48432980738644926	1.0	1.0	1.0
0.6389967692505442	0.944155220801922	0.3650032406752849	0.5166575063050223	0.8870807536778226	0.24815907245989627	0.7849484749286916	0.9807499898550294	0.4849776118413519	1.0	1.0	1.0
0.6114016051710391	0.8561956577126693	0.42982990716758257	0.5597387798017455	0.7037207890191635	0.31222089764832384	0.6834623489518176	0.9221293714320488	0.5261284001251811	0.0	1.0	1.0
0.6697281566123132	0.8870308741871925	0.38706398748293713	0.580365055995733	0.8073885156490782	0.26662728265839036	0.7581008690540172	0.9416079267553763	0.5088185174969904	1.0	1.0	1.0
0.7888342231362846	0.9050589141095879	0.3107708639029516	0.6801741437235601	0.7884185889413386	0.1650992497361511	0.881520082993611	0.9864285430254701	0.43717641259764856	1.0	1.0	1.0
0.6769456626240097	0.9259307181143839	0.2981850595189155	0.5820596010252982	0.8388360809519972	0.16488457656951352	0.7873665173277401	0.9842671039138939	0.4219695158233443	1.0	1.0	1.0
0.7241758525123994	0.9249899208445146	0.2467275433822784	0.6330557607060618	0.850966826387613	0.1465178110574317	0.8311349483411662	0.974085430550617	0.36906783124147774	1.0	1.0	1.0
0.6677701529628756	0.8691274237501493	0.4257233988588935	0.5915397145609312	0.7680052601229762	0.3226361112021866	0.7522489066579212	0.9263612165424397	0.5464179709897697	1.0	1.0	1.0
0.6745619618034738	0.9276848427580742	0.31245095669983863	0.566802539863822	0.8532663004619645	0.20071891459030686	0.7774097860806193	0.9809011574605772	0.42427381548138515	1.0	1.0	1.0
0.6281524315816951	0.9368714800354179	0.31434362201538063	0.5243122510770006	0.8590609925154777	0.2039256082558848	0.7316890769090831	0.9823304576587933	0.4495086265071052	1.0	1.0	1.0
0.6395043315429652	0.9151536689348968	0.28323109198225555	0.5502982748421169	0.8225940017179895	0.18866930178974087	0.7937640657741494	0.9697085673571653	0.39674188644859326	1.0	1.0	1.0
0.648528095769014	0.9308197138555063	0.32442221424574674	0.5469395357564797	0.8772180639569691	0.21737090210161658	0.7410339780322251	0.975843903449596	0.4235600729670522	1.0	1.0	1.0
0.6941213921088406	0.9192978494838362	0.27791634160934187	0.602204219657427	0.8302216761583913	0.1764424693096937	0.7962199978466388	0.9785801705225116	0.41199511647956777	1.0	1.0	1.0
0.6901305357089007	0.8098390518461169	0.4393393478328859	0.6329977238978656	0.6594719185125061	0.31844502993887236	0.7590799896893322	0.8998663050962366	0.5806454119287168	1.0	0.0	1.0
0.6099629761856452	0.8713863098628322	0.32515821495661396	0.5450013446023346	0.7556053005898521	0.19752999688278736	0.6748173733807817	0.962486469582959	0.43695040134070184	0.0	1.0	1.0
0.7193711544889899	0.8752766386741457	0.40082941029885816	0.6508930281590892	0.7764900705053024	0.2978212387876365	0.8021060162088496	0.9351014024502913	0.5274138347066771	1.0	1.0	1.0
0.6999793753511481	0.8738362560124575	0.45312781190074486	0.6231934087737104	0.7670215259831141	0.3365462846796768	0.7893919207378611	0.9341246158471909	0.5877231971658848	1.0	1.0	1.0
0.6158177682802431	0.8426434072912719	0.4369524647351539	0.561840155075442	0.7090334069655567	0.33607240423176143	0.6880977717089583	0.9058559452347041	0.5703981187268052	0.0	1.0	1.0
0.7406882578947582	0.9279898847530796	0.2637642737010248	0.6466683830144404	0.8289784329402137	0.16660941366718077	0.8286293953011877	0.9791455314563784	0.37678396164655853	1.0	1.0	1.0
0.678522590006314	0.9287149801910612	0.26644831035354444	0.570909606702376	0.7992669437515922	0.15165652321280054	0.8017911196187113	0.9858542915098043	0.40199183681762224	1.0	1.0	1.0
0.7382258941865059	0.9016282843642626	0.3770822188233041	0.6389130734088381	0.8369601035979964	0.26492585560007204	0.8290534720260546	0.956098805238114	0.47727097379269623	1.0	1.0	1.0
0.6279378030274959	0.9092263586121689	0.4258140220906531	0.5179009996217057	0.830025362914615	0.29944162425787224	0.7504612841926305	0.9695083775774895	0.5637988361623584	1.0	1.0	1.0
0.7091965003536174	0.874179261350137	0.41575846471399897	0.6245658596684504	0.7611017880967946	0.297716731842459	0.7912729981780804	0.9402982006201283	0.5226120735583633	1.0	1.0	1.0
0.6187963618263642	0.931294501961241	0.2943658776790226	0.5443170211943686	0.8516883191449078	0.2147693244907254	0.7209329191706746	0.9752221360637343	0.4065336818577834	1.0	1.0	1.0
0.6806100248715885	0.8694313064582917	0.4284901067832935	0.6082654361108473	0.7622999971437466	0.3150143392485515	0.759066460831937	0.9341246224438697	0.5514813304137507	1.0	1.0	1.0
0.7485572307077589	0.8781197384591797	0.4092549838662399	0.6791704220846174	0.8122747239923237	0.30706410207980667	0.8379080579255851	0.9341509538042974	0.5122275039073912	1.0	1.0	1.0
0.6501434247557694	0.8506380325883772	0.42821886756877364	0.5867652797860041	0.7444322593531281	0.3117293239054046	0.7202066705667032	0.9202316726303329	0.5479631480473127	1.0	1.0	1.0
0.7038273789466637	0.9227758522151878	0.29049792184927725	0.6015515313551735	0.8224943327216592	0.17199402364950028	0.8195191770664669	0.9793720252872762	0.4294975211151736	1.0	1.0	1.0
0.7202757017328993	0.9183774309251835	0.2845869587795474	0.6072807175153463	0.819416249116186	0.16395683462634472	0.8169005019591712	0.977641222674216	0.39380137082458455	1.0	1.0	1.0
0.6838299487619035	0.9399399468062078	0.23446857799664325	0.5912685555864571	0.8676912807161378	0.13334618338689674	0.7886162049476526	0.9842650973162212	0.35494686005207515	1.0	1.0	0.0
0.774677619003704	0.8884698882345963	0.38120646933217656	0.6914368824583537	0.7893962735437474	0.2719573600862635	0.8646682611859835	0.945189569536341	0.5046602284288414	1.0	1.0	1.0
0.6864991823370263	0.8961597629683595	0.35388430464693965	0.6190788507490875	0.793830096835604	0.26099186486319437	0.7713420819800836	0.9538856732629089	0.4614269539600017	1.0	1.0	1.0
0.7765542221330722	0.7887333294910436	0.5394865693037204	0.7222131624959637	0.6569436777976442	0.40480628127428453	0.842982914910734	0.8831183480006302	0.6710027446563962	0.0	0.0	0.0
0.7622443021096824	0.8668927349397914	0.38173745248741126	0.6814184831997909	0.7454634094225653	0.270366057938803	0.8493777096633767	0.9357258016216563	0.5132771630237968	1.0	1.0	1.0
0.6548674277258586	0.9271553578495744	0.26627598139665326	0.5457558716982276	0.8060078294779414	0.15219063572811548	0.748186998470134	0.9839827717379288	0.3976420924168657	1.0	1.0	1.0
0.59944667113235	0.8648391953185287	0.3730764014627964	0.5415063517356836	0.7806883913857615	0.2697625310041226	0.6616648539506521	0.9277334338529144	0.48650399456251253	0.0	1.0	1.0
0.6867327850012291	0.8660219217295988	0.3807599012706355	0.6268228812726687	0.7503303056508963	0.2796327250283148	0.7511573232462633	0.9310741540782449	0.5100955581973108	1.0	1.0	1.0
0.7201593826790791	0.8776598026689713	0.3491265983565559	0.649280574451349	0.7691744675980682	0.23519211148812139	0.8163199951800961	0.9496815562825119	0.46975020844599513	1.0	1.0	1.0
0.7560124525302643	0.8509080693796152	0.41431562975878006	0.6887912656869094	0.7793088430149984	0.29900290899214993	0.8224560719029852	0.9081261320847481	0.5008257072204609	1.0	1.0	1.0
0.6485682924700921	0.9258443100832288	0.28753133253850854	0.5598198264297142	0.8348386281665701	0.16872619270463105	0.7529720321547667	0.9811740981673984	0.42611311424567283	1.0	1.0	1.0
0.680682136023704	0.9381261954280931	0.3153148043201388	0.5576886875073357	0.8585751119275878	0.2127138388100461	0.8081270613638981	0.982240455639603	0.44233932789143066	1.0	1.0	1.0
0.6690327092502057	0.8895061770198681	0.3247260299956697	0.5888683596337244	0.7364044777571938	0.17198432309913894	0.7395213911010847	0.9730566061498881	0.453882877948945	1.0	1.0	1.0
0.6838168304938985	0.8757880411915444	0.36284963254373137	0.6291549321616803	0.7912418243587144	0.26276436307677686	0.7595081370948569	0.9308247612018268	0.4694110270621662	1.0	1.0	1.0
0.664191792239274	0.9176949962920876	0.35163901323939883	0.5747283229719871	0.8431110021129551	0.24321079717233096	0.7571214339878839	0.9722280332281424	0.46956330697008986	1.0	1.0	1.0
0.7885753535823132	0.9043226619532533	0.3491853245166774	0.7016354501810984	0.8151810598750249	0.23573486997275664	0.8746679644226479	0.9599616093394375	0.47962814388726477	0.0	1.0	1.0
0.7588954019817918	0.8397045142846785	0.42414966126221115	0.6857851764299501	0.7132840970233449	0.29278025824957793	0.8393399611107201	0.9210958280218504	0.5573051355239172	1.0	1.0	1.0
0.7889675584663876	0.8686583727038838	0.428596638165723	0.7102436264140587	0.7678963350189087	0.3221805617212228	0.8796824846882613	0.9295240226637331	0.5424064032011857	0.0	1.0	1.0
0.6465611945784155	0.7989830615390406	0.4781683202196756	0.592804595306201	0.6383973099764786	0.3424481689096195	0.7071610642582971	0.8941313243558	0.6407541894141959	1.0	0.0	1.0
0.6917325133929882	0.8374521399628765	0.42148976539826594	0.6376404745208479	0.6916930666050947	0.2957614782509654	0.7692690712870943	0.9190070278069002	0.5568353618660894	1.0	1.0	1.0
0.7023309709316903	0.9368713830603965	0.2654934512255755	0.6220374824034132	0.8785829771979701	0.14266623617523552	0.785556226980879	0.9840418485497917	0.3985374241682939	1.0	1.0	1.0
0.6865191645194966	0.8966291917319027	0.30376593074106756	0.6142328816161285	0.8028256031196725	0.19355720007442645	0.7689479765920043	0.9656349489456756	0.42099257915711585	1.0	1.0	1.0
0.750673518091015	0.8131158544677416	0.4626139499132935	0.6922634471494574	0.6704478980962374	0.3562244639275647	0.8231545842202979	0.8982119899503768	0.5880490328667058	0.0	0.0	1.0
0.7062067880338302	0.9278277786526291	0.2959318244534229	0.6014995175933054	0.8517784793612723	0.18807703789626187	0.8089284431656185	0.9819288237183033	0.41670846042082244	1.0	1.0	1.0
0.7022457506746917	0.8733267798306267	0.41970561665899064	0.6287414497328938	0.7974995098262627	0.3000085568399533	0.7964496845781119	0.9383481513050761	0.5338001989191574	1.0	1.0	1.0
0.7127738388900946	0.8597593331884735	0.37701651116966367	0.6463834447434571	0.7203032603944614	0.2673520890394806	0.7782873765524903	0.9309120114539821	0.5062369857332687	1.0	1.0	1.0
0.6551101071372564	0.7862898615301772	0.43073775780844425	0.604857529088781	0.5422657668948611	0.30701587011758236	0.7082740458888589	0.8995595616568023	0.5679487438313655	1.0	0.0	1.0
0.6909068302246272	0.7802969999163002	0.4818309324143113	0.6410106894620186	0.6126934838940593	0.3704118212966446	0.7498447169281859	0.8826363735809222	0.6078017503566226	1.0	0.0	0.0
0.7857861067615793	0.9334835681933716	0.335706949948411	0.6578898310189322	0.8512964207824428	0.2323920116803204	1.0666119447072078	0.9843801143383846	0.440025963748182	1.0	1.0	1.0
0.614042960004557	0.8370368998419789	0.4961573267707053	0.5561936447001008	0.7186520551880048	0.3619789728554833	0.6828269881731106	0.9098985797480248	0.629876072055334	0.0	1.0	1.0
0.6562272880049149	0.8327499095604181	0.46927651174256196	0.5948186385566883	0.6470394282493503	0.35213848901280675	0.7310221606846016	0.9113445644028336	0.6190229030453055	1.0	1.0	1.0
0.7101755405153743	0.8321963640634479	0.4188673299646226	0.6483683571722548	0.7254244981467749	0.30825376726951315	0.7731842513993981	0.9065729458185069	0.5301086661812143	1.0	1.0	1.0
0.725999340226711	0.8765968607204317	0.40292811229910525	0.6592349788089852	0.7899312029577883	0.2970436489078313	0.804981247700046	0.9344856887438582	0.5308810056348576	1.0	1.0	1.0
0.6988442638910982	0.8932164126581562	0.3699016373400906	0.6231374618631587	0.8116385768283725	0.25660557252304905	0.785176094669597	0.9479638473655058	0.5000425795789655	1.0	1.0	1.0
0.7260361921954792	0.9148823768791806	0.31298952498075483	0.6417429271507799	0.8377232892993035	0.21748549726884173	0.8488608404871064	0.9627149798000652	0.4141097983745897	1.0	1.0	1.0
0.5736241333450743	0.8233665347339677	0.4825952817248948	0.5180878849807695	0.7080859470675215	0.3688229905515814	0.6263827681900244	0.8917093994240554	0.6210353697703929	0.0	0.0	0.0
0.7178983476866136	0.8661429881818258	0.4649298165217702	0.6329952879212366	0.7768316893986107	0.3547039349022883	0.811717340288226	0.929516414956914	0.5907744150148101	1.0	1.0	1.0
0.6654309883026198	0.8107732704600444	0.5413614509272807	0.5998414066829263	0.7075674471037809	0.40946901254135454	0.739163560797481	0.8840719521796294	0.6734839183800556	1.0	0.0	0.0
0.7192176754367611	0.8618550509275857	0.4220173184222017	0.6484450511062857	0.7786278821510453	0.3185097262523867	0.8054642382297484	0.9240428101450853	0.530076654108335	1.0	1.0	1.0
0.6819704509275019	0.8974570731191207	0.3985071401986567	0.6085833545400994	0.8069372441083187	0.2761215098640071	0.7748892075886327	0.9566571175696	0.5372575935021193	1.0	1.0	1.0
0.6910191378609688	0.9413753793358016	0.22071554805941315	0.5827409461334643	0.8545370172079993	0.12576146059145585	0.7960069262248602	0.9865631107264902	0.3596220142009823	1.0	1.0	0.0
0.8054242938800591	0.8354034884477695	0.3831091255316327	0.7379615640360536	0.5757700387778503	0.26854095878807727	0.8772967314973634	0.9264631011945378	0.5437139733989356	0.0	1.0	1.0
0.6520998709214451	0.9105701128118422	0.35663006140268877	0.5655291867127659	0.8081666177092088	0.24440545130944194	0.7464895170270122	0.9691623405526424	0.49215926688418454	1.0	1.0	1.0
0.713936037427902	0.8561019476243664	0.46095684609778165	0.6269815034348752	0.749955102220299	0.3277660648926068	0.8011001313113583	0.9201573124771061	0.6065191030751357	1.0	1.0	1.0
0.6906919366362639	0.9174416931562432	0.300948669149448	0.6138742571934659	0.84440419769613	0.20136146795925086	0.7764868754864285	0.965574682176113	0.4056196555581103	1.0	1.0	1.0
0.6294393289576173	0.867260054340486	0.41779483261810996	0.5742266712729702	0.7132679833565417	0.2885303815166654	0.6983932733019999	0.9513957059417677	0.5637400300796109	1.0	1.0	1.0
0.7127121071890099	0.8593558098914021	0.3662176270344102	0.6481392467946883	0.7123780416136177	0.258348498249259	0.7840575937058225	0.9322770075720628	0.5098667846515024	1.0	1.0	1.0
0.7363148933947052	0.7992184154085945	0.42724972092225444	0.6707566557155886	0.6114764876988884	0.3042572047563653	0.8154702216544524	0.9395024797781609	0.6000249711653639	1.0	1.0	1.0
0.6969920264728444	0.9014682735084691	0.3735741161719368	0.6023930247056489	0.8105228058867902	0.2552309830319344	0.8407373493481218	0.9671784389971896	0.48311052902984275	1.0	1.0	1.0
0.7168578733602015	0.9335918219088619	0.28955193457016637	0.6188602139944612	0.8623364118461208	0.1869780082366999	0.8370563544543298	0.9802113349559032	0.3988603362624258	1.0	1.0	1.0
0.7377099040073213	0.88411337656885	0.3846394925582871	0.6561184776665767	0.7935193800556974	0.2814335698516003	0.8225149662207613	0.9405103560081205	0.4983891048135886	1.0	1.0	1.0
0.676819508198122	0.7815413536261552	0.43145848227570016	0.6196634228619009	0.5892173085464935	0.31244120382505475	0.7338335890335977	0.8845152559800687	0.5650465985972912	1.0	0.0	1.0
0.6531793206234185	0.6811706099743666	0.5992666412197002	0.5849258752435297	0.4605609199448382	0.44845532438953417	0.7517853781348717	0.8368560317974613	0.7483157695081075	1.0	0.0	0.0
0.7945973420097666	0.887718212604583	0.39477477694669855	0.6944373526222075	0.8005025223809774	0.29872747702369884	0.8928199371989668	0.9368581284118517	0.5071912554127473	0.0	1.0	1.0
0.7188987035782509	0.9229503834780026	0.2523795615479706	0.5985148516707709	0.8227354852102123	0.14410934413752882	0.809709253728076	0.9823642152532751	0.3647951083044505	1.0	1.0	1.0
0.679153997532472	0.9092765861485455	0.28634334392467464	0.5909898432366866	0.8094241222169959	0.1719768397476371	0.7530313207749588	0.9740643312093354	0.40694648942984024	1.0	1.0	1.0
