0.8600633257540408	0.8288470858643846	0.5577394448350148	0.7726392260441114	0.7344817264931309	0.3925206847236776	0.9721158888934016	0.9050727605748835	0.745853940818375	0.0	1.0	0.0
0.5799600202372729	0.7960956766896025	0.4026505797889435	0.5325166183781536	0.6036623540316111	0.2621173944186048	0.6250191880439402	0.8939933617563389	0.5734620483858089	0.0	0.0	1.0
0.7096307900208227	0.864532699244683	0.3552783385792053	0.6572617098965189	0.7986404313742019	0.246153262530732	0.7882098975652915	0.9323226300786984	0.4478447697792405	1.0	1.0	1.0
0.6225462766460471	0.886610982552673	0.41565071451791125	0.5680405299494575	0.8268693525279032	0.2850233198885253	0.6811985689749696	0.940520916636799	0.5443931059005678	0.0	1.0	1.0
0.793491528950415	0.8497387306151511	0.4306380348223115	0.7005877236483397	0.7595947230307504	0.31100025222352845	0.8794011542909	0.9227258402530708	0.57281338963702	0.0	1.0	1.0
0.6158166022201603	0.6301239240819013	0.6763139956934485	0.5747871686965917	0.3936549889755375	0.495906438109016	0.6518256426875038	0.8179511429740031	0.8761268331763824	0.0	0.0	0.0
0.7560710226181226	0.7171309615979155	0.563808722532541	0.7057280038069026	0.4663890944432848	0.4174655502756602	0.8229739814781188	0.8595819627440731	0.841202948296777	0.0	0.0	0.0
0.6273832554832798	0.913949405902709	0.26071594295273454	0.5641461232137853	0.8269712965688587	0.14109595148512902	0.6981821306169431	0.9735958439984153	0.40232189675719265	1.0	1.0	1.0
0.7488349122465747	0.7000918151886337	0.5779154228800683	0.7001167687575228	0.3859568970992624	0.30610670127257456	0.7917294843673152	0.9012972765306405	0.8162091157075011	0.0	1.0	1.0
0.5891257508388733	0.7891708315948381	0.33531961287032763	0.552798303575164	0.6278654276637556	0.2108160919802856	0.6310813080945493	0.9101482690489616	0.45881315616350793	0.0	1.0	1.0
0.7020283338246361	0.8570061898943345	0.43655368432372654	0.5983087652985	0.7516020364479438	0.299224547235575	0.7571948508523032	0.9310291287937738	0.6001700876156416	1.0	1.0	1.0
0.637132580168696	0.8884594754167537	0.30248665559138055	0.5709309649155575	0.7831694437921394	0.17786839259038223	0.7137920018355367	0.9625336845389171	0.444444901373949	1.0	1.0	1.0
0.5846881936298771	0.8276560103516627	0.4744444260563338	0.5201025757977694	0.7051078292537032	0.313160666392283	0.6467213439947134	0.9186944616311273	0.6379542310236281	0.0	1.0	1.0
0.545987964569302	0.8058988867033889	0.48249333099042063	0.49010179586493957	0.6640236808660047	0.3392632153987597	0.6026774111140656	0.9023746174063934	0.6819606346400687	0.0	1.0	1.0
0.6145362117930663	0.855032949663677	0.4215653004694733	0.5404738018314151	0.7339363147360075	0.2578319657163935	0.6729061715300738	0.9380640525833992	0.6526212252261319	0.0	1.0	1.0
0.6965032725990113	0.9447458985552484	0.32565806816548626	0.6280580849543115	0.9237417600653944	0.2960771326421278	0.7674370149037293	0.966643121928145	0.3528704701975157	1.0	0.0	0.0
0.5438267940165241	0.8930523113587139	0.4077239294553907	0.4911411225103882	0.8433069904300418	0.30650051962019226	0.602424823741438	0.9374688962265812	0.5297684346193932	0.0	1.0	1.0
0.7988600695987056	0.820386146378047	0.36404543442648046	0.7370376761676751	0.6502654171386772	0.2489345816788757	0.849879274084461	0.9019151388781044	0.5901445970471052	0.0	1.0	1.0
0.7108582596949102	0.6387524396734673	0.43572446161453343	0.65579386804869	0.3599184843653032	0.2916755754640592	0.7611517324315632	0.8343536627517945	0.6068289254303808	1.0	0.0	1.0
0.6817636662738766	0.8987828448193249	0.42596414902743496	0.5833225484611608	0.8376848112445109	0.2967582825463739	0.7933740730152314	0.9531717398702484	0.5712959151382823	1.0	1.0	1.0
0.6218865366200123	0.7836643145320054	0.4554757778083996	0.5666839036933159	0.6475143464164778	0.31801762233135256	0.6823316548654623	0.8900467313953021	0.6141085083824347	0.0	0.0	1.0
0.7545153065960185	0.5505180753623306	0.43884578750250863	0.7093260304867555	0.08397696079723457	0.252123855513886	0.8012934609370885	0.905490615086995	0.6502653879715129	0.0	1.0	1.0
0.6765043756455918	0.9119415723977159	0.4997602771070729	0.6673972424047394	0.910692986233319	0.4952230355310765	0.6896668666141298	0.9133458484226415	0.5038842808046516	0.0	0.0	0.0
0.5812046727257021	0.8311467402463757	0.31161016943464936	0.5433749945305377	0.6838943782187089	0.21435524975048773	0.6172358214387955	0.910939898046746	0.4052582281093437	0.0	1.0	1.0
0.686032878516266	0.5466023617771752	0.6318095601174724	0.6282200480667579	0.19209160337960626	0.4543968581042953	0.8129269108466525	0.7710460932735647	0.8154645844734032	1.0	0.0	0.0
0.7113911611631734	0.9342425937243616	0.314584311956079	0.47947371695325963	0.8563331732844462	0.25947056426002096	0.9519089705967081	0.9603405799908967	0.41227212011309655	1.0	1.0	1.0
0.6504672753302382	0.8682494215614299	0.461898269159392	0.6445869217472318	0.8561036042562106	0.44444443509308074	0.6544922764918716	0.8775903309773797	0.48086576260064257	0.0	0.0	0.0
0.7051525930983553	0.8607634967132148	0.40673071541266337	0.6284552919370141	0.7686915824906	0.29065382802756123	0.7891570091266327	0.9271280270514655	0.5244230998570077	1.0	1.0	1.0
0.7858192537192217	0.7590596573762759	0.3766945413940382	0.7139025941620402	0.47748724542462406	0.2362670817399924	0.8898798472297065	0.9153736095952728	0.5192900113209591	0.0	1.0	1.0
0.6687995100722524	0.7866252136188759	0.41625415257548626	0.6160622007609324	0.622078611239059	0.2683694962752504	0.7372145990318639	0.9141518713267514	0.5886305827274424	1.0	1.0	1.0
0.7839786921980717	0.8539579870513706	0.502654581380961	0.7103086769263087	0.7665016180999807	0.36341114814502923	0.8480431262138376	0.9287338364993183	0.63089292734803	0.0	1.0	0.0
0.6065081626931642	0.8699015183034934	0.38035118872743573	0.5436433620398718	0.7696074238393922	0.2597222930282644	0.6752370862807643	0.9367957015121235	0.5229532754687237	0.0	1.0	1.0
0.6569788129765216	0.7868548184614116	0.461175607348281	0.59764208584974	0.6448643775348452	0.33220067836457795	0.7166311128042702	0.8908991452229924	0.6342654921903241	1.0	0.0	1.0
0.6853099589638944	0.7778729878997245	0.48683025795295326	0.6351849076943163	0.6426605983541412	0.3409010131432573	0.7342161766804814	0.8826385805490798	0.680161552183872	1.0	0.0	1.0
0.7311191939250584	0.8677565383161111	0.3954439445995645	0.6549874194826695	0.6533088887380873	0.25529233743568497	0.8252304454200369	0.950797603817005	0.6650578888353903	1.0	1.0	1.0
0.6112764497589478	0.7860270783369263	0.44441158369253464	0.5676772565021924	0.6469338025990683	0.2924449710834454	0.6513241728952781	0.8947872321385375	0.6117472040518852	0.0	0.0	1.0
0.6703846577112889	0.8946466268929215	0.31563112316703584	0.6336195948456798	0.837638510005317	0.25457466188048383	0.7183690182614726	0.9285820118095467	0.4183971982750764	1.0	1.0	1.0
0.6546653028997712	0.8361672853282143	0.33431110111201673	0.6037456112041435	0.6902542578929349	0.1968977921109868	0.7018010854279605	0.932541025034677	0.515051515452667	1.0	1.0	1.0
0.7092129998707799	0.8873565665732026	0.25979710465658923	0.6502926324386477	0.7238922489470699	0.1365383953354181	0.8113386007318841	0.9618592957675544	0.42078305495859014	1.0	1.0	1.0
0.6778018393353326	0.8700450197924898	0.3596574512897256	0.6035767594669482	0.7780531417856068	0.24058407737281223	0.7288778987443244	0.944427011810479	0.497496970600228	1.0	1.0	1.0
0.6836771985976706	0.8394059585681277	0.395467853396928	0.621787645859582	0.7188220268537473	0.27148862331299756	0.7606072855733678	0.9137781665227663	0.5431256797851305	1.0	1.0	1.0
0.6893482473084702	0.853466761746136	0.38557833629476546	0.6186016578475874	0.7470959774276692	0.2782543214911881	0.745877656622128	0.9308653029597767	0.5376791978551123	1.0	1.0	1.0
0.7295508017869841	0.7512231482947825	0.47971914667604587	0.6657738402200333	0.5749360502669375	0.33283569698285553	0.7911078569592848	0.8775885620064285	0.6492225710325051	1.0	0.0	1.0
0.6532624297914017	0.7503515807028627	0.5638732316013428	0.5979360955003675	0.5708173686310647	0.41707644959861545	0.7164986972602854	0.8704851139938893	0.7633943615500602	1.0	0.0	0.0
0.7394869826529933	0.8600229261585094	0.4211571541381228	0.6721961713555897	0.7656564125091736	0.2938096350111651	0.8043886248561286	0.9228001081216112	0.582390954241471	1.0	1.0	1.0
0.6602932968356227	0.8797327412691807	0.6061734934881772	0.6185067512065066	0.8527576773848615	0.5430774536779585	0.7049073577131553	0.9124728998210075	0.6914084082206475	1.0	1.0	0.0
0.6760389208587213	0.8220945378151624	0.43555242590152726	0.6138237888470488	0.7606739546566826	0.30610307950554233	0.7214078860433438	0.8936387406694585	0.5671059332247452	1.0	0.0	1.0
0.6490475380236504	0.8926269519638591	0.3503638230320303	0.583931583224971	0.8155494215898856	0.23000435349627738	0.7241514736250759	0.9530910310825422	0.4547175147914869	1.0	1.0	1.0
0.6675427858800246	0.8853145421222605	0.38819949912282936	0.5892882685293632	0.8229188437581492	0.2637363783151325	0.74095201156014	0.9443765453322255	0.5448425323170754	1.0	1.0	1.0
0.7319999334044729	0.731162755887541	0.5070790109188998	0.6732939829153457	0.6267411302443302	0.3403491442678684	0.8119078299754466	0.858616136372187	0.6754959940357332	1.0	0.0	1.0
0.7915441308136255	0.8362098239449469	0.4046083334250322	0.7265031736831877	0.7405018024303068	0.28379930664768194	0.8479258578405963	0.9157906004209474	0.5875772788896395	0.0	1.0	1.0
0.6592395065203687	0.9463784578402936	0.28874292339925867	0.5389294836542503	0.9100783130710822	0.1815655831287698	0.7944339936550173	0.9758178200692025	0.4034131431196845	1.0	0.0	1.0
0.6731021533930327	0.8852551563713414	0.30824466949560764	0.5899554870694872	0.7972929021876072	0.19031096906696165	0.7590079134043555	0.9463811367523254	0.4331774598380751	1.0	1.0	1.0
0.7680377759361118	0.8022194059108873	0.4790261451139808	0.7628654324095536	0.8009342350243027	0.4722920459981801	0.7746215448606065	0.8036440436953985	0.48596097214919404	0.0	0.0	0.0
0.7007008740606371	0.7307720473250311	0.5347852051287716	0.6424924099234156	0.5802945798071081	0.39652504671323846	0.759528975610842	0.8372966569185256	0.6963331580069155	1.0	0.0	0.0
0.7739177918611825	0.8000885176938759	0.4426003446726302	0.7130376659888024	0.6401091761139647	0.2957765516804077	0.841185275206106	0.9156175660925713	0.6385850321030841	0.0	1.0	1.0
0.7617747948833666	0.8488363995050775	0.40296251141007083	0.6945182989491153	0.762607162649803	0.26612999601789633	0.8270733057963192	0.9276212590648089	0.5580381524612055	0.0	1.0	1.0
0.7345054367995005	0.7568422626138581	0.4771388480815684	0.6421948667364076	0.613553826720762	0.31521203501697853	0.7871034440192907	0.8844049375116263	0.6264485546570079	1.0	0.0	1.0
0.6383361002376341	0.7225479270966112	0.5203462503460045	0.598656693513261	0.4949198625029015	0.3232436520860902	0.6783789055755034	0.9051894434415446	0.732871629641755	0.0	1.0	1.0
0.6029393732544259	0.8577843347313427	0.4369667056395126	0.5309941875888636	0.7918451013847876	0.3171635019173019	0.7747141205386592	0.918054562644007	0.5564447567753205	1.0	1.0	1.0
0.8370921730029386	0.9242175067664212	0.2268315541004036	0.7458004786744801	0.8562006889265267	0.12556883338929253	0.919985561558014	0.9748148221979942	0.3422350301910296	0.0	1.0	0.0
0.7535215359685462	0.8789559824336511	0.5340229397875362	0.6494466260775191	0.8571711759909963	0.38839110224545753	0.8607551499124922	0.8975200144215969	0.6677447993957318	1.0	0.0	0.0
0.5943975866090603	0.9065585194255823	0.3046151590965584	0.5470939766563925	0.8443114466418024	0.21024611763425124	0.6546977850275751	0.9577657105836849	0.4144710897587382	0.0	1.0	1.0
0.7523756442639234	0.7954414368707542	0.24280174016101783	0.7115280471611345	0.546333282881196	0.10514780918945243	0.7925697021747591	0.9476637821894315	0.40559240028084265	0.0	1.0	1.0
0.6810691913910859	0.8482124566677154	0.5034601178273095	0.6196998671464702	0.7795408904287672	0.36851558388877903	0.7682948633757297	0.9103498288836755	0.6500719368049127	1.0	1.0	0.0
0.6609432030140199	0.8810028887010779	0.39278973462471495	0.5875633044925953	0.8119294535515151	0.3009518946958124	0.7507513059157135	0.9366114788530217	0.5040767966055958	1.0	1.0	1.0
0.6357853354385703	0.9284151027612728	0.2683912925301191	0.5551285345474426	0.8742258447192625	0.14167314021025912	0.7217600369295428	0.9781188491162972	0.37754162202120817	1.0	1.0	1.0
0.6036968441462125	0.873744291646221	0.4205442719740271	0.535578533266385	0.8105629572669413	0.3174968906880955	0.6771559177010317	0.927218750671604	0.5187280590274521	0.0	1.0	1.0
0.6244005274924741	0.8982667321628169	0.33886125177409826	0.5680700237060975	0.8475884672640771	0.2408361451425632	0.6991111558613364	0.9442717122194825	0.44862811765493726	1.0	1.0	1.0
0.8073410071202984	0.9287980454007427	0.2573385804874137	0.7316496680928232	0.9127175586159505	0.1979626884143872	0.8817088810256932	0.950633748796689	0.3204532035820493	0.0	0.0	0.0
0.629245424799143	0.7627203105301901	0.5778906878662112	0.5676921772695185	0.5436665639851773	0.42796925003991276	0.679725147267517	0.8717460492996875	0.823484664812229	0.0	0.0	0.0
0.5640597438075479	0.8737351399547534	0.400273730614176	0.5020006541757546	0.7734266703752108	0.25921376816630937	0.6345322763241327	0.9463966340383075	0.5454235431777252	0.0	1.0	1.0
0.6015275750428846	0.8773719094812378	0.37314283590757097	0.5370777659956314	0.5941209039870032	0.2222057865704277	0.6688009301952651	0.9577141092401353	0.6994127538683195	0.0	1.0	1.0
0.7069782531207666	0.729959753964889	0.6455575651506399	0.6295702639496497	0.5471644685847561	0.4671704543109882	0.8073448419407173	0.8555171188568766	0.8603543226670854	1.0	0.0	0.0
0.6749399816607539	0.8191273142190248	0.3663623356557593	0.6147504777102569	0.6926546372748142	0.2341968721095178	0.7334405970808451	0.9123478107247065	0.5197331603855457	1.0	1.0	1.0
0.7154306329884385	0.7342373273101596	0.5596356102992017	0.6482868101205554	0.5264402228743358	0.3855456328946982	0.8035816082420107	0.8700677450857663	0.8449296799093035	1.0	0.0	0.0
0.7988555988335491	0.9322373345072835	0.2833946041588973	0.6685040178237867	0.8843937596278646	0.1715380597856507	0.9130361555100726	0.9750866562269686	0.3867817071192583	1.0	1.0	1.0
0.7386700178261981	0.8853876918002541	0.4587967831761581	0.7156102213592997	0.8753405100950292	0.43284807453676033	0.7589940133212082	0.8943428292009564	0.49212304150222563	0.0	0.0	0.0
0.6856971688256215	0.89763749519362	0.2988426773775429	0.6184811853477632	0.8295463583015299	0.1868109593352191	0.7474791123622094	0.9606949973685628	0.41530860323301194	1.0	1.0	1.0
0.6803019405254942	0.8163041907335963	0.44955506002079026	0.6169614533198634	0.7375485698917451	0.34563872587368316	0.7697666900711865	0.8881981227651012	0.6086909774823643	1.0	0.0	1.0
0.85650797492667	0.8212364395815067	0.4914228926324587	0.7590101803554993	0.6874429875348079	0.34919460792823137	0.9487972394615504	0.9064722789353585	0.6773699045516415	0.0	1.0	1.0
0.7416765113157051	0.7478565597403114	0.44627477062691157	0.6768754630578854	0.496629035825371	0.2734027825823089	0.8277610454151938	0.8947801690401357	0.6581781211950272	1.0	0.0	1.0
0.7114520533044068	0.85191744655022	0.28889314314995634	0.6590981069417597	0.7208134475774167	0.16209783162655195	0.783372082573436	0.9473457463673289	0.4468886276927684	1.0	1.0	1.0
0.7698083131791125	0.6915663372678575	0.4745691148183445	0.7205560101984714	0.4101270143532645	0.22286163978008316	0.8558413278218617	0.9161637553354459	0.6847176619125049	0.0	1.0	1.0
0.8828387443866336	0.937806989749279	0.4399618070448908	0.6624138819756826	0.9327139252221293	0.3555644680765709	1.0547585423884516	0.9440453832174495	0.5566210269862993	1.0	0.0	1.0
0.6784586919115175	0.8879790281010308	0.4211535392955983	0.584636290130037	0.7764960367769088	0.2826253804513501	0.8662067583885783	0.9534216540410257	0.6314406563910149	1.0	1.0	1.0
0.5743729838224567	0.9229899759284972	0.26999244444719717	0.48346954374319634	0.8611293076192991	0.14860343985709581	0.6607499850760583	0.9712920679051427	0.4008832384535743	0.0	1.0	1.0
0.6594585430781665	0.8350227953163237	0.3832172598578742	0.598221482042218	0.7028451311448523	0.2406004417977825	0.7099216504865233	0.9313361470063509	0.5385441989324391	1.0	1.0	1.0
0.6595662567904239	0.8614337533969015	0.39953147955090706	0.597925226386676	0.7086104380010244	0.2736948608210176	0.7299848052823907	0.9409824335792314	0.5701522733318524	1.0	1.0	1.0
0.6616784256945095	0.8380137857672381	0.4476606610357522	0.6586848167476765	0.8344983473005926	0.44140324514427814	0.6637978334362186	0.8423620673108906	0.4509086082761218	0.0	0.0	0.0
0.6272714757658328	0.8057197365477577	0.3251419610970861	0.5849214969457063	0.6154446194734161	0.19228964415728583	0.7026855993708776	0.9278480492567199	0.47132345890738747	1.0	1.0	1.0
0.6333479681552795	0.9485013344631633	0.23147211013654795	0.535299250091343	0.9101093729563472	0.13967264711278993	0.7150285984950088	0.9807468669606606	0.32540800036596795	1.0	0.0	0.0
0.6630867110028705	0.8680762065865006	0.3275491215732995	0.5865641417016461	0.7764760363469116	0.21278483114842237	0.7318257204107139	0.9460649339859121	0.4614504628639273	1.0	1.0	1.0
0.6745436437897931	0.873379695017304	0.3631337384882365	0.5620708680787154	0.7929408780195727	0.22386227400236647	0.751372628418249	0.9420150397770413	0.4898328465512843	1.0	1.0	1.0
0.6511414407328603	0.8113677552688894	0.48252513405246455	0.5888637103524568	0.6467779778541402	0.3276292357993419	0.700428083603407	0.920381204976727	0.6588186976661139	1.0	1.0	1.0
0.6468614472319575	0.8903094266104431	0.3282395619068032	0.5992670763360608	0.8454493118806803	0.24385378595567458	0.6963085468996599	0.9435719274735258	0.40228369139786024	1.0	1.0	1.0
0.6882514934209832	0.9382825263101876	0.2710226720807439	0.6117532104114808	0.9175708616993107	0.19878386180237936	0.7590161709520665	0.9616559573949729	0.3286092654914157	1.0	0.0	0.0
0.7285312536587634	0.70347656773764	0.5294853239260711	0.6623948403928899	0.4376627315428758	0.3288782421014664	0.789009807766075	0.8609098511642566	0.7490542526036481	1.0	0.0	1.0
0.6316619707709769	0.738692590860608	0.46945355698479746	0.592858536132568	0.4455397566397077	0.3010960119514491	0.6844622150165107	0.9001263465408578	0.7350340782325989	0.0	1.0	1.0
0.7054156895637884	0.8093611665612428	0.4529472230707287	0.6544527444310223	0.6637626349659793	0.30487651125062726	0.7664392719530804	0.9129399740997272	0.6292970309160744	1.0	1.0	1.0
0.6932845689788055	0.8139430170434542	0.515336409188255	0.6224351349497605	0.6969425306396447	0.3970966126307195	0.7680430764015581	0.8886187944312252	0.6558220301228682	1.0	0.0	0.0
0.6062980770474481	0.7407090478986499	0.5339437625232222	0.556360275576077	0.4990749750167497	0.35223279012646563	0.6646528800360786	0.8876026003813305	0.7551000686582215	0.0	0.0	1.0
0.6567704739905453	0.8343190619957043	0.5199633438499097	0.6028489409294756	0.7514715772124783	0.38026312604921647	0.7218068458432235	0.908195921617326	0.6946985180290419	1.0	1.0	0.0
0.8208548832602582	0.867263033186666	0.37617601430015557	0.7655245869774696	0.785388300968875	0.28270779585384187	0.9071463549010691	0.933018371266576	0.49102045821815055	0.0	1.0	1.0
0.762004524984485	0.7836667929761979	0.4045179518619091	0.6877823807955301	0.573600431004665	0.23905699757596496	0.8243659338630703	0.9219208437820761	0.5978439011312937	1.0	1.0	1.0
0.7753755814336735	0.8415679279680626	0.34130485215095574	0.7282929640128226	0.7935769024243672	0.27170733252202495	0.8072679771822272	0.8937882014050825	0.4146353287191341	0.0	0.0	1.0
0.7333611888983468	0.8753862212779625	0.30538706269967625	0.6599500097172681	0.8028101574672681	0.1878816582498689	0.8039846039308299	0.9422711621040195	0.43460991584227604	1.0	1.0	1.0
0.598772380009417	0.7649718648991274	0.4071737504839773	0.554249098690564	0.5394118034712713	0.24391178134213037	0.6348381109381461	0.9200500158866664	0.5931224753869692	0.0	1.0	1.0
0.7506185941762779	0.8829703977458344	0.3888616767971071	0.6604095296653006	0.8137296626277317	0.25942616321880163	0.86833687749425	0.941384759403168	0.5142958555149783	1.0	1.0	1.0
0.7608822714704586	0.828524806171218	0.42497251369212496	0.6951383123201185	0.714105369682084	0.3043153429323957	0.8353587589957958	0.912912630437331	0.6042058429634241	0.0	1.0	1.0
0.6756218064491425	0.6838898240762109	0.5986256297742896	0.6417681971564009	0.5100330365996134	0.4905946129497952	0.7124824233179142	0.8188709819120379	0.7235301994739458	1.0	0.0	0.0
0.6718004410345214	0.7992158729678703	0.4633800668952964	0.6025112808551049	0.7051034296009534	0.3349866057242443	0.727061855963278	0.8870361386323808	0.6189836846064617	1.0	0.0	1.0
0.7594748671891153	0.8814281765497868	0.3865511528689941	0.6815552713662064	0.8356250970596547	0.3076638182162878	0.8089022498223691	0.9240398915307328	0.47406697624774685	1.0	1.0	1.0
0.7755982577679741	0.7950446806933237	0.310504768149424	0.7252914562306715	0.5975281856962957	0.1548286216404971	0.8177269766395464	0.9351656909925992	0.49591976719425657	0.0	1.0	1.0
0.7029596431126557	0.8257173799120571	0.6600640369190559	0.6968199962837643	0.820011961204519	0.6503766553362788	0.70898363516951	0.8333904682599161	0.6675579607069287	0.0	0.0	0.0
0.7552555370354812	0.8203636097474442	0.2870351187963754	0.7060226724437484	0.6581624514485458	0.14982043655030788	0.8106290239573665	0.9393127819624636	0.44397082622946893	0.0	1.0	1.0
0.6503294901426254	0.8204814204287202	0.5453072103809572	0.585163986878958	0.7235299527653383	0.3592844062737234	0.7221704037561251	0.9109459636058029	0.7244380861617108	1.0	1.0	1.0
0.7257752373020591	0.864250890424883	0.3775305956224389	0.644613001684763	0.7658383872549381	0.2764061094568228	0.8082222826384504	0.9295857523559456	0.5248402451598208	1.0	1.0	1.0
0.5925976337062848	0.8052500795845366	0.5008736520903303	0.5330048888650187	0.6382193192775407	0.3475281519534831	0.6750896266546236	0.8950486501197538	0.7051535707897182	0.0	0.0	1.0
0.6636253950984661	0.7975833047157462	0.5208322725710459	0.5940096763325458	0.6615451907911039	0.3639494161776501	0.7394262348158723	0.9000943463536816	0.716401852732047	1.0	1.0	0.0
0.7048598552740232	0.9202423881767339	0.309240354979181	0.6086811168910524	0.8612279527399835	0.1894335101318404	0.8085564359900779	0.9682026501815363	0.4128625047692984	1.0	1.0	1.0
0.7164505749116431	0.8395076354328742	0.3591025077409343	0.6556786437185843	0.694462693358642	0.21440403309352996	0.7848818088872409	0.939896864474667	0.5230640502370839	1.0	1.0	1.0
0.745662597033071	0.9153792234002333	0.3528386667721973	0.7375923367914639	0.9066779804896791	0.3237103321650188	0.7522694619516476	0.9250360453651332	0.37815715307148845	0.0	0.0	1.0
0.6376854411452128	0.7867124084435457	0.3696539320594273	0.5963464593047862	0.6120605975062772	0.21128998502640026	0.6865316592103405	0.9225308913376559	0.5571081184864822	0.0	1.0	1.0
0.7091124134824435	0.8919344459078871	0.2946254053130568	0.6275870673820791	0.8210093319345817	0.20792077736025832	0.8226190886260564	0.9454396638267529	0.40097576232501436	1.0	1.0	1.0
0.6206345269596449	0.7876815006284612	0.5339661768696194	0.573705549353842	0.6474351969028047	0.379602490885378	0.6667648586523084	0.8811823463197901	0.7012267569599391	0.0	0.0	0.0
0.6874138255510753	0.8618589641284133	0.41543256082817964	0.6103612430479056	0.7781815478601591	0.28203489673551185	0.7638279005110399	0.9220657676338324	0.5651762404126739	1.0	1.0	1.0
0.6779426794527662	0.8738738295319772	0.3494215772216394	0.6231434621448787	0.7474214483663267	0.21151924845786216	0.7543384563394876	0.9573317739725625	0.49501394021733214	1.0	1.0	1.0
0.6800841628699609	0.8895888916121976	0.4400460876502518	0.5980899477170228	0.7960357068132551	0.2904544042318865	0.763533105740874	0.9510991845506891	0.6050167446042601	1.0	1.0	1.0
0.6951009011902375	0.8413030907931508	0.38037331076675424	0.6229581895653495	0.6769781578552502	0.24837409730007926	0.7516502456659757	0.9362058865809758	0.5268686993132216	1.0	1.0	1.0
0.6143515661705538	0.8849287124157047	0.33523011448199674	0.5720550733103963	0.8044107081364599	0.22132224765408673	0.6595007889808381	0.9480443515467739	0.4978151910844528	0.0	1.0	1.0
0.710442765308944	0.705076324684618	0.4492800142863842	0.6471337653225273	0.400308147253118	0.2571769203308058	0.756429069138077	0.9006686162705064	0.6771279417170781	1.0	1.0	1.0
0.7017735502793546	0.8251257242416228	0.3566670403203391	0.6295563678500364	0.6872623196864671	0.22546979397561337	0.7673304835360052	0.9260552645382766	0.5069734798223323	1.0	1.0	1.0
0.5972015598360231	0.8589318763364086	0.3984066016200198	0.5523102450247909	0.7649422089196051	0.27386768864505745	0.6425316730343337	0.934696710115845	0.5621453531055656	0.0	1.0	1.0
0.7984126764629789	0.9274220399067524	0.33381284372018627	0.6649052402133049	0.8805882345111952	0.2165612311482669	0.9365475347516794	0.9693460706839648	0.46169942562420885	1.0	1.0	1.0
0.7206104542389239	0.8282997051357989	0.5025525260559726	0.6333166123154041	0.7181985884756786	0.34871078816956114	0.7964399862630906	0.9100164180385014	0.6808792665587026	1.0	1.0	1.0
0.6591851784096312	0.7310985372384118	0.5844699204915512	0.6068700413796109	0.5490629454887509	0.4202167085751704	0.7121606717739495	0.8689110107949687	0.8016055212153472	1.0	0.0	0.0
0.6421516472404343	0.8873543580980932	0.430453640440506	0.5557245037309356	0.8213307805365594	0.29731034620860936	0.7203497227064469	0.9517121822843054	0.5728699094184581	1.0	1.0	1.0
0.6535427249392337	0.9128335967274648	0.3584539670291105	0.5487814350904463	0.8345627526115315	0.2581695855833553	0.8182184200407627	0.9640223817729816	0.49657451025361155	1.0	1.0	1.0
0.6253617387875368	0.7226741099032782	0.5229320900243006	0.5815922939335096	0.5136837443338647	0.3789346591544887	0.6722330852474664	0.8495551483280177	0.705340590288763	0.0	0.0	0.0
0.6272407348670122	0.916517618492439	0.38190776205845534	0.5549743968737751	0.8849185695256625	0.30659204036115567	0.701563454294694	0.9461013626742492	0.46367612099181865	1.0	1.0	1.0
0.7359238033443062	0.8729977437321957	0.42945175766287624	0.6491507407941397	0.8076568745826924	0.3066215449071634	0.8240104155231318	0.932223027381783	0.5733159876890799	1.0	1.0	1.0
0.6192469141243067	0.5598543141337814	0.3404494437354553	0.5874587372481807	0.42411816555612275	0.25388075243287056	0.6407093543428087	0.7990732154494148	0.4160850487948303	0.0	0.0	1.0
0.6997249837943402	0.9150069661398307	0.34450106868361796	0.6041268901121288	0.8587481534485658	0.20205025108885707	0.7827460568689256	0.9672661164967237	0.4783836289988445	1.0	1.0	1.0
0.7854765058293853	0.8346446665509041	0.5527916429718194	0.7052104435763541	0.7697353704957175	0.4420607493806272	0.8778194233321427	0.8922718972408717	0.7313131678082955	0.0	0.0	0.0
0.5945392062283787	0.8074883043477951	0.535987122781496	0.5243580540714967	0.7129522936522147	0.39116076644356756	0.704855630002857	0.8815181291481967	0.6624846712184913	1.0	0.0	0.0
0.6918664623284166	0.7820119400639448	0.3903760851241941	0.6281003326458456	0.3329091277525665	0.2518300339787648	0.7663771874729309	0.9250582761341835	0.6745429525636012	1.0	1.0	1.0
0.6489781268261775	0.9386651620278089	0.3131026173454237	0.5603897825627593	0.9065805369385244	0.2425290936530593	0.7128080657028962	0.9685456127616332	0.37580979362304984	1.0	0.0	1.0
0.6137296516457181	0.8190907699752593	0.4455369516227357	0.5437948833289793	0.6894285613266468	0.2901562743873023	0.6816747159026444	0.9118931286899503	0.6069135254023127	0.0	1.0	1.0
0.6990549368760413	0.8124932648620834	0.4731021663821807	0.6315802234468483	0.6872295389128689	0.32265235292650524	0.7605373548761124	0.900421210842481	0.6266202183770817	1.0	1.0	1.0
0.7068363849298128	0.771550324907414	0.34470542335483456	0.6754234503293414	0.5103923016415202	0.185440223146075	0.7457528250180335	0.9257053136881332	0.6002877438447403	1.0	1.0	1.0
0.6871273224813514	0.9133478330918418	0.3819073552717086	0.5756681451675416	0.8699284067900467	0.2875115036070144	0.7904714270756668	0.9514054869594079	0.47787026658634674	1.0	1.0	1.0
0.7161689375938245	0.8610555943711008	0.5463260055858391	0.6430631646451501	0.8039788581369631	0.41620039909797163	0.7963111317755377	0.9153765969582891	0.6820768860708515	1.0	1.0	0.0
0.628551997433195	0.8848687893554924	0.3601914144412865	0.5596645848014253	0.8097351739970869	0.25039293303840005	0.6805464504902072	0.9495420452732155	0.4776530264850163	0.0	1.0	1.0
0.5879572200177648	0.9302922247804315	0.25794996860142333	0.5264369141369026	0.9000498783848259	0.18272432642612477	0.6338821824850556	0.9641341368583646	0.3239069343086622	0.0	0.0	0.0
0.7877700806046921	0.7661204572902431	0.5287700535424585	0.7140707672764575	0.604467228566601	0.3736935093286786	0.8478669037611323	0.8748397467058596	0.7108803581368819	0.0	0.0	0.0
0.7482188262138885	0.8053257553497613	0.47832525564124184	0.681695340150004	0.607486775033579	0.30985295081628383	0.799664879915432	0.9197530650853016	0.6500206756317272	1.0	1.0	1.0
0.7331268877436703	0.8845711126955468	0.30443007176303183	0.633175946880413	0.7325049640925675	0.16795731212650106	0.8635925795656086	0.9568139567885015	0.516272572606301	1.0	1.0	1.0
0.7059498936147152	0.8222615767007435	0.3824582204405822	0.6508198417873938	0.7245120476445586	0.2560658368335243	0.7628747396225337	0.9094507219558942	0.5081672845460492	1.0	1.0	1.0
0.5776277560264723	0.8534923592283109	0.3560909445210915	0.5269670160183555	0.7505031307013889	0.21995171705075062	0.6342487133654975	0.934604442206976	0.5040483428102166	0.0	1.0	1.0
0.6539409072319725	0.8576556610509849	0.351741991717312	0.6085317067269159	0.7621711179648788	0.2243723592889164	0.7111697720949909	0.9375008799186647	0.5139842939236928	1.0	1.0	1.0
0.6980688814974273	0.892339373081524	0.3898743835242245	0.6164250485175885	0.8222049301043627	0.283265600513679	0.776695379249062	0.9460394533095768	0.551348199007458	1.0	1.0	1.0
0.7319618467665644	0.9020074592354204	0.2827833412731777	0.6492419761641418	0.8190390006468157	0.16216234388420586	0.8052794841090046	0.9597745396773946	0.4125937046872543	1.0	1.0	1.0
0.6974877262523834	0.8116664471858553	0.48290428192481444	0.6280897155460284	0.6870070861572704	0.3445835082995734	0.7597870798858286	0.9087391022816608	0.6385707051806032	1.0	1.0	1.0
0.659071891217017	0.5154768305216845	0.5622979405161884	0.618200562336705	0.17353886344315606	0.36544023642507467	0.7032892365509225	0.7726717763735991	0.732572525209668	1.0	0.0	0.0
0.6987742077236486	0.8762048764499607	0.4687376577937304	0.5986500088624814	0.7757370857088558	0.33850311931619054	0.7971582993615186	0.9402232789505112	0.6149948762096817	1.0	1.0	1.0
0.6298940611742269	0.7729502197014346	0.5582089619098985	0.5638494567287244	0.6218605466713973	0.3833475155082595	0.6885701551089491	0.8863436057189675	0.7188919077124257	0.0	0.0	0.0
0.6891924798404551	0.7275932785058667	0.45280874255188963	0.6342883593388714	0.5592037524700774	0.2879422329466297	0.7491682420551058	0.8648722520440559	0.6400255325819648	1.0	0.0	1.0
0.7108578401218116	0.8059012792822221	0.4965319839993605	0.6345049236895997	0.6756325914189916	0.3493347329651982	0.7830784872636195	0.8999818600538372	0.6651066716340026	1.0	0.0	1.0
0.5833985226060584	0.868997011648552	0.36420418265923965	0.531003782756931	0.7382493769713742	0.22303273390388792	0.6429581878709857	0.9510537431559406	0.5594591820151281	0.0	1.0	1.0
0.634841750589862	0.9061860645795871	0.35541314312617506	0.5728012671266671	0.866547528820612	0.2578172719803374	0.705719880986445	0.9435033637499467	0.43501413190522215	1.0	1.0	1.0
0.6706709996692684	0.8506707422974128	0.4900697136907002	0.6078610922336408	0.7583802027656322	0.3487168101109411	0.7285914013723276	0.9153246754966012	0.7065119928285098	1.0	1.0	1.0
0.666047265407455	0.8329593265698462	0.40293594495304513	0.606126004667443	0.6582465275752052	0.2645511179955327	0.722511425949777	0.9187615151066936	0.6314773903357128	1.0	1.0	1.0
0.720045867464994	0.7619420405389874	0.4589652008300486	0.6721449230420063	0.5800298302258318	0.3071612870761642	0.7721150251231936	0.8797012238502671	0.6570688345940982	1.0	0.0	1.0
0.6240402593548784	0.8173132115722024	0.515926706402621	0.5745191960403008	0.722396772861196	0.37648436947944386	0.6777843158655101	0.9012954785733313	0.6721900746379456	0.0	1.0	0.0
0.7282655346672352	0.845836821108446	0.49679956643663037	0.6351579658322328	0.7619370737057714	0.3593500172934286	0.83185536657091	0.9178689432182191	0.6708316996591356	1.0	1.0	1.0
0.6380850185101306	0.9056362204739381	0.2791440892618964	0.5926529259343664	0.8511383523443042	0.1694751248583649	0.749665486624797	0.9665463576433316	0.375750390000731	1.0	1.0	1.0
0.7021556810038106	0.8133293725452402	0.3944759084622141	0.6515839490740732	0.6603516999103967	0.2653862135728183	0.7617702518797089	0.9113889831206166	0.569435169561971	1.0	1.0	1.0
0.7621534931635072	0.8387377136411212	0.40202958611870127	0.718753839373858	0.751185275278728	0.2699688846697049	0.8302877215583873	0.9118822064113911	0.5332356062842173	0.0	1.0	1.0
0.6082845157667153	0.9054191942039117	0.268958247440768	0.5429542034328079	0.8432327964382558	0.1743547582432666	0.6599182960178263	0.9626067438743761	0.34827886001067254	0.0	1.0	0.0
0.6227302495195418	0.8183578368026768	0.3833716450829978	0.5525347950253005	0.716249565948996	0.2616242671546975	0.6900737478383342	0.9035215170371197	0.5217891155406583	0.0	1.0	1.0
0.6114349452658753	0.9079030077559842	0.34775400886983765	0.5322407266405368	0.8604468481751159	0.25111245540543586	0.6744252552968661	0.9570480617539033	0.43533860444016065	0.0	1.0	1.0
0.6550125607688547	0.9278563968072573	0.35779743395493985	0.5515915200515888	0.8844055216759081	0.23384167105347783	0.8041068575480635	0.9679362027035777	0.4583390469211898	1.0	1.0	1.0
0.609238785415601	0.7875984377811974	0.49736721037013204	0.5513339654375018	0.6693139161461764	0.3386944152826669	0.6655088778478122	0.8865727832133399	0.6549770306546693	0.0	0.0	1.0
0.6742993394108514	0.7676383062289674	0.4061349226366309	0.6160630292705976	0.5911424347033252	0.27243988714188416	0.7348909212775417	0.8917074244753274	0.5740451123916767	1.0	0.0	1.0
0.715274502162359	0.7863063907747166	0.553957750413596	0.6614944293257162	0.6498998423006883	0.37744967299223386	0.7901873557495903	0.8947981530017048	0.7459204081810937	1.0	0.0	0.0
0.6549006848462929	0.8398961329290414	0.3790796378973587	0.5785723949767252	0.6867116471020887	0.2332797554086431	0.707937712160834	0.9452330579370298	0.5386820389142498	1.0	1.0	1.0
0.6133721826608486	0.8835413824420105	0.3261692668549448	0.5593439401301894	0.8049996951433074	0.19238264057454676	0.6686492071883207	0.9545684407040811	0.46815340251927234	0.0	1.0	1.0
0.6614778417381115	0.6861714507050731	0.4681185557747394	0.614999047063025	0.49097107227493747	0.3106164722628516	0.705248355884117	0.8559004602292526	0.6294228723059758	1.0	0.0	1.0
0.7969512869325863	0.8857010430076279	0.4009745401393771	0.7000135220398344	0.7921516439080074	0.23827454837041995	0.9636835089897093	0.9586379454242446	0.555722940358936	0.0	1.0	1.0
0.7356915386118349	0.8692157053451703	0.345462044484868	0.6573482237173952	0.7705656235943131	0.23624817510279067	0.797906837907848	0.9404430835958992	0.483497746788067	1.0	1.0	1.0
0.7447253788721221	0.903725399599892	0.3301488440685332	0.6561580261001123	0.8352229696463698	0.20587686207782252	0.8938633573248793	0.9644779889959679	0.47261775333721007	1.0	1.0	1.0
0.7203675884398786	0.8762404280385201	0.40435536110527026	0.6332896714896072	0.7999518650991121	0.28324286166218554	0.8279634382709473	0.9335589960919143	0.5484682707586537	1.0	1.0	1.0
0.6078814775231344	0.8360004671199721	0.4087658124119183	0.5489994578053065	0.6825099217714106	0.24254086734632746	0.6745459433415952	0.9351007583342476	0.5726342684113435	0.0	1.0	1.0
0.6745328103756238	0.8493998910478391	0.35857948238492865	0.6144680750229707	0.6687831082206194	0.2229811693037513	0.7358272162100173	0.9426883332566475	0.5329812777887927	1.0	1.0	1.0
0.6394820810203692	0.47088832845422496	0.47135053845559427	0.5997503895061593	0.11094324830287228	0.2796243614909836	0.6838632273574047	0.7937435636842355	0.6491646187899863	0.0	0.0	1.0
0.8227410426426526	0.8960027422055032	0.38316598126168994	0.8205119818187004	0.8938585285507441	0.3747357649355796	0.8245289558835471	0.898145384524736	0.38930214974916216	0.0	0.0	0.0
0.6669260729294045	0.7855990125468921	0.5594949369366343	0.619013451570583	0.6708604308916404	0.3846228162777196	0.7189986395373695	0.8882457275608788	0.7095489644475601	1.0	0.0	0.0
0.6735814960877028	0.3973995543057637	0.5410038441036974	0.6353105410554243	0.025993873784908028	0.3859503641698555	0.7149566249430618	0.7303906718010745	0.7082258190532154	1.0	0.0	0.0
0.6893264929577599	0.8430103369046761	0.38821522040495254	0.6215378900987935	0.7138492783366973	0.2530190863404489	0.7748007330756639	0.9300871934923667	0.5708086079495738	1.0	1.0	1.0
