0.6979584987827236	0.8181926763716472	0.45782404734785176	0.5963234349202584	0.618878268405203	0.2619286735541835	0.8156738838761983	0.9444473928223596	0.6609774729597734	1.0	1.0	1.0
0.6214238809145555	0.8664296622612704	0.4227896721254907	0.4777165757942638	0.7246630596508162	0.2470923006624011	0.7293734211906285	0.9682215072377345	0.629626031092862	1.0	1.0	1.0
0.6932696417926429	0.8323947379407064	0.4135212525910465	0.5934436607081998	0.6296711462866637	0.2044994383089828	0.8031434566000534	0.9636492519967975	0.659176559735929	1.0	1.0	1.0
0.6510083427406078	0.834427725890779	0.3750913300288729	0.5525464611405808	0.6332058372800639	0.21150203705644652	0.7571728922641149	0.9597190142372956	0.6437946672248676	1.0	1.0	1.0
0.5772146599788266	0.8570590440164092	0.520675155339901	0.4602572619535721	0.73950455332068	0.3130722845671526	0.6977344340868102	0.9569059421793763	0.7649521653918437	1.0	1.0	1.0
0.6158966191279764	0.9276466794242008	0.3264035852542958	0.4147137107196248	0.8269874571185648	0.18616251882061732	0.8091185434283961	0.9843500846207754	0.48912554393526275	1.0	1.0	1.0
0.6814158675399286	0.8295506921636377	0.5519274333570068	0.5491990368890476	0.6931262136512822	0.37194910517581625	0.8300673122455839	0.923878597143641	0.7976134402627504	1.0	1.0	0.0
0.4959511756303099	0.703691415440635	0.5848619260109028	0.4293430459007271	0.494766482193668	0.35691767793082235	0.5595604949966398	0.8606894661085702	0.8542285396565452	0.0	0.0	1.0
0.650068381048686	0.8756241354111537	0.34130991643631614	0.5368309648042238	0.719528785247385	0.18087201195661556	0.7677074631349879	0.9754275355417894	0.5438895992883639	1.0	1.0	1.0
0.7164366029573593	0.8711647401075838	0.4109730055221301	0.576743046600972	0.6208650280331758	0.2271077187015542	0.8433896762349343	0.9789328992875752	0.7039198673765722	1.0	1.0	1.0
0.660236722580122	0.9083685202045576	0.3765430989944176	0.4479908010652679	0.7756542531772275	0.20588168034115076	0.8260014638888276	0.9847758593137479	0.5766289902286496	1.0	1.0	1.0
0.6862408849225003	0.8934649164916197	0.3513946980531556	0.5321532528983304	0.7780465846151191	0.19845094598125146	0.8216885946857261	0.9736740450029748	0.5590740876369995	1.0	1.0	1.0
0.6707024299271384	0.8861111472740161	0.3310817726033048	0.5302834199197859	0.7434509054526744	0.17932465989046675	0.8089387674654929	0.9766310262996796	0.5258504463676129	1.0	1.0	1.0
0.6620788377729676	0.7423219815899881	0.38867460402762855	0.5936427171927092	0.41759495692014476	0.13349921167496925	0.7319715740154067	0.9379135835480497	0.6420024651443332	1.0	1.0	1.0
0.8498939568996959	0.7009021971241626	0.307058189395624	0.7584636067517871	0.08939920458194467	0.12482274175795077	0.9565566997974865	0.9517937303663181	0.5335330166343031	0.0	1.0	1.0
0.7490496306975059	0.8841183331974681	0.382464255111498	0.5675669805890898	0.7243038431926478	0.2171640283812985	0.8869837597660107	0.9767465293295571	0.5791225084283532	1.0	1.0	1.0
0.649490115900434	0.8900905083009302	0.4922981879071272	0.4338549558839756	0.7486431824475037	0.29198241624666127	0.8234261053683607	0.9786388813859227	0.7700479015513706	1.0	1.0	1.0
0.606668734356677	0.8855576764651744	0.3642698106852493	0.45696209704117147	0.7419282401249085	0.2001633943874195	0.723663428288573	0.9806760422137889	0.5922808555767964	1.0	1.0	1.0
0.7955839967494812	0.7869890055527896	0.43162062250485567	0.6880148152628576	0.5059886357552899	0.25009476563911237	0.9076163334535187	0.9481796402766585	0.678511576576271	1.0	1.0	1.0
0.5341722652659001	0.9050927348998876	0.4570881533205824	0.38774340990359896	0.8093482814723814	0.29391081886005826	0.7030732017341457	0.9724265584151872	0.6296965900114234	1.0	1.0	1.0
0.6498185947136804	0.7808102218964821	0.5431176953639842	0.5046549531854386	0.590816517007464	0.2835742236666685	0.7664129374233382	0.9543202539431017	0.7963079845291172	1.0	1.0	1.0
0.7103903153944954	0.919835551385274	0.38003280030677	0.5404874597620206	0.8294698083576486	0.2117747272111604	0.8804599873378406	0.9821808851118801	0.5618863505445215	1.0	1.0	1.0
0.6879744418838368	0.8902530491012166	0.48709783438315624	0.519625445666485	0.7445254958254566	0.30212431063801554	0.871411704143815	0.973223501565306	0.7591519848428278	1.0	1.0	1.0
0.7802839133779551	0.9196773391845374	0.38987886699582114	0.47421122902855983	0.8033611944210591	0.244026084563032	1.5267269117541356	0.988975268873328	0.6111581424383526	1.0	1.0	1.0
0.7029107308562789	0.8858487143127564	0.4009156172388803	0.5806830963380423	0.7640940329004389	0.23300826311790485	0.8381882501010928	0.9687207547375601	0.6263965716394205	1.0	1.0	1.0
0.6582282281677431	0.8181595761140869	0.5471381136656603	0.5508846527927835	0.6630834343316444	0.3522623252702465	0.7673449867651393	0.9228697164395272	0.7727178416106595	1.0	1.0	1.0
0.6275415864326249	0.9019751956447121	0.48071927972633344	0.4289648733295968	0.7751697721113596	0.3010035883315087	0.7947171617654717	0.9776833554584072	0.7119554936444171	1.0	1.0	1.0
0.6973556419528011	0.8826172443873848	0.3601105389126741	0.5595606355379763	0.681217222807679	0.18562529599799732	0.8398407350456081	0.9727431758439568	0.5395549402953413	1.0	1.0	1.0
0.662633919080093	0.9104623990314703	0.3741963837476784	0.4843705653149901	0.7763936615320951	0.21186544561728332	0.8554939974142018	0.9765896099233623	0.5863314673175277	1.0	1.0	1.0
0.726979144186618	0.7283757866774326	0.7805080320698844	0.6131198347383311	0.5413477209612946	0.5528951564121756	0.8577808706877991	0.8599983953029393	0.9601445285156652	1.0	0.0	0.0
0.6591100325713815	0.7693090199090716	0.4234413870833771	0.5789286461988632	0.5140859993247223	0.223355623426989	0.7504057445220502	0.9353321717167374	0.6874360148096312	1.0	1.0	1.0
0.7164864627692739	0.9173340997365983	0.3155932679556221	0.5730896075228926	0.8126403744634827	0.1526946759884769	0.8928441836566333	0.9827769319369343	0.4929924216795587	1.0	1.0	1.0
0.6436284973903149	0.8494279799773379	0.47335402861968273	0.5185337514305143	0.7037689209753919	0.2593530147187615	0.7669107163030137	0.962943157380843	0.7187613893608105	1.0	1.0	1.0
0.6629055931054575	0.8763772476598495	0.3647661685066576	0.5534493419693587	0.7598792397535317	0.2173947901473089	0.7815658839712215	0.9695742440890518	0.5784171296423068	1.0	1.0	1.0
0.6568172677256021	0.753308847855964	0.47572250409657774	0.5782904478843335	0.534836789745817	0.28452123735168644	0.7281550950540884	0.8871084723935991	0.7289733175764763	1.0	0.0	1.0
0.6443628158183677	0.7536214732097203	0.6188406563453679	0.5489224697574165	0.5858753394709891	0.3910572817936684	0.744765080567115	0.8761445301038895	0.8411355888103093	1.0	0.0	0.0
0.8091280320605755	0.8405038303709905	0.5174386754695375	0.6799407885116652	0.7028273271895109	0.3101118984163016	0.9475095415757805	0.9430746118973873	0.7409469892303824	1.0	1.0	1.0
0.7492861747741699	1.0256593227386475	0.31747832894325256	0.7492861747741699	1.0256593227386475	0.31747832894325256	0.7492861747741699	1.0256593227386475	0.31747832894325256	0.0	0.0	0.0
0.6824022997994976	0.8649097092869864	0.29728089896310994	0.5971462291531059	0.6867724784916692	0.14445613286854952	0.7609355236548705	0.9664033986650534	0.47705484439219703	1.0	1.0	1.0
0.7169680294041775	0.8351806663759849	0.4723987614029367	0.5982013946192994	0.6468178104566447	0.2825004044186556	0.8554587348560425	0.9440477424244715	0.7002120383697393	1.0	1.0	1.0
0.7730766567295786	0.9400686428888425	0.260492988503936	0.5852973272786502	0.8420050875591584	0.13270557553774381	1.0039441512443514	0.9863735143911189	0.4201582219614566	1.0	1.0	1.0
0.751037459639996	0.8964483442227981	0.42455408375212045	0.4913116472896902	0.7667300093785044	0.21946074311188554	0.9629953706487823	0.9803544798717132	0.6408491460420696	1.0	1.0	1.0
0.6726793643322067	0.8022035364504573	0.46731970451600424	0.5639049893947639	0.6056099341435652	0.25997499983371525	0.7921605979619865	0.9374565159944147	0.7375331090893796	1.0	1.0	1.0
0.6575595560324822	0.8308641856590079	0.441733544029208	0.5507364727347854	0.6618894411037888	0.2544855367253641	0.7943418958403583	0.9611408557110082	0.6836803355487197	1.0	1.0	1.0
0.6386522955069486	0.9218014832738681	0.4303413858712163	0.41896085205174094	0.8230561363237582	0.25531601331789877	0.8737594822888108	0.9842427859432248	0.6245776216824136	1.0	1.0	1.0
0.5834484047235281	0.8319119613611701	0.5547308239046487	0.46937504586807294	0.6919750841668874	0.33423836964728015	0.7346750604017213	0.940958616320876	0.7661367382365162	1.0	1.0	1.0
0.7566348481114576	0.6195494762949991	0.38692056885798026	0.6957538105068054	0.2454193521633429	0.15635714032926923	0.8227942371013328	0.9029761798844737	0.6598832713886318	0.0	1.0	1.0
0.7809791920225763	0.8273463838685657	0.46793109419994006	0.6535194589536955	0.6950638547904908	0.27302593192473357	0.8940197884918959	0.9389978302739515	0.6882055123035751	1.0	1.0	1.0
0.6939014248388747	0.885415584511166	0.33304222309042214	0.5834193834677455	0.7452201826256448	0.1821212432807243	0.82417201764048	0.9770794226349478	0.5379829287649207	1.0	1.0	1.0
0.6952422057356364	0.9053321613754263	0.29123435711427725	0.5562851560207949	0.7742520359684806	0.1430786964206297	0.844153877811985	0.9808052787264147	0.47890542006192055	1.0	1.0	1.0
0.6335872529629122	0.7514638447864961	0.5986898718865932	0.5463949203285268	0.5582507748102472	0.4028533689764455	0.7244814779086539	0.8805025927338037	0.8173470794257651	1.0	0.0	0.0
0.8052125107059902	0.835337009748195	0.4651506558364557	0.6730590852669474	0.5633651388647435	0.27213025565760574	0.9552054978401702	0.9611866461325753	0.68262067789869	1.0	1.0	1.0
0.7779404281706604	0.9164888356408276	0.2925215213854102	0.627886761140788	0.7944076418988542	0.137765603373969	0.9337822534419696	0.9799413620075431	0.5308258909641236	1.0	1.0	1.0
0.825813922385285	0.934456080008916	0.2443757380486699	0.6562424525049444	0.8411113800181687	0.1293534486581355	1.0280391678343246	0.9855674101841825	0.3891750537855885	1.0	1.0	1.0
0.7486472114617397	0.8730034271243319	0.516193955041827	0.5537483062111751	0.7235082015134523	0.3182662098233833	0.9180060118746093	0.9609337469730604	0.7188438467321373	1.0	1.0	1.0
0.6748965348644399	0.8442258680889131	0.5350274203411479	0.5621804639534903	0.7128814809503853	0.34969902693495863	0.8021301615696278	0.9388761439623645	0.7404799151829836	1.0	1.0	1.0
0.6934687642461411	0.8186720550117459	0.5525415029936046	0.5587996901195992	0.6467537337689502	0.30977847922533214	0.8093679498013077	0.95408395070883	0.7917264906856359	1.0	1.0	1.0
0.6963833660001324	0.9258551942216764	0.31969395062363687	0.44645867941105977	0.8242256236083422	0.17910664884303654	0.8841002715327195	0.9847228242293652	0.5262851361314864	1.0	1.0	1.0
0.8841762152153877	0.931100938073998	0.2436867605566791	0.6785643797730248	0.8052746938522904	0.11308268156441709	1.2434743959646688	0.9878243424939268	0.4211006710383191	1.0	1.0	1.0
0.7233123607832492	0.578530429700747	0.8004261393039935	0.632116762968513	0.35462621309647313	0.6004839840150158	0.8086037233728981	0.7581974615226299	0.9713487825121154	1.0	0.0	0.0
0.6518126159657288	0.8397062991597767	0.45182542141684207	0.5336422085982957	0.6248829008068694	0.2528944266309056	0.8067506258788575	0.9636234809726629	0.6960203165630691	1.0	1.0	1.0
0.8065708577471041	0.8974083284488515	0.36585242601914986	0.6434997251295995	0.7651281355572984	0.19152111517253198	0.9684168923425283	0.9832551040391289	0.568610151323709	1.0	1.0	1.0
0.8068712383497525	0.7831373955638471	0.5564788411416929	0.7012154119538055	0.6085961196772016	0.3659114475410527	0.9488461373011883	0.9012821263405523	0.7728180462323619	0.0	1.0	0.0
0.6374214723895618	0.9365325004337406	0.2668123107970301	0.4841639114711569	0.857435671909432	0.1402507918713669	0.7926800133796372	0.9834256200238862	0.4189033165886469	1.0	1.0	1.0
0.6034250241587275	0.8675771939701181	0.5354271186107126	0.45433976225372774	0.7344579010593532	0.30339438483835984	0.7461530106786106	0.9670967299687406	0.7927618432885736	1.0	1.0	1.0
0.8057320561726314	0.8732078087926045	0.3869761966364619	0.6714188996942829	0.7238224336343104	0.20880558154871898	0.9844227589986528	0.9733642981706703	0.604065089264163	1.0	1.0	1.0
0.7740197667429618	0.8503305543266958	0.49261798468069956	0.6455512163949735	0.6869924889738044	0.27973208768514995	0.9108493713364773	0.9606482705277237	0.7268981830194499	1.0	1.0	1.0
0.8099677385257366	0.8764687427093578	0.575454783858696	0.5779590381729037	0.6956702611676184	0.31499045033328044	1.0124873120160431	0.9755805374426241	0.7968955503672986	1.0	1.0	1.0
0.6286022402693995	0.8533198291562573	0.4757311460460097	0.5204892038759206	0.6912865022861812	0.26628921348491336	0.7631179394038388	0.9598555824033524	0.7248956556584991	1.0	1.0	1.0
0.61620953698952	0.8941905080346523	0.39596165951082507	0.47955439729558696	0.7612497257200206	0.24326545222218246	0.747150883579348	0.9707145079605256	0.5861901967757637	1.0	1.0	1.0
0.6836043681150781	0.9159111667286125	0.3911937453909694	0.5188616567819364	0.8071798129125025	0.22872455918674361	0.8729854045349091	0.9784307729062154	0.5891297674001608	1.0	1.0	1.0
0.801950559000424	0.8871690609298511	0.4700552414102765	0.6257283437207808	0.7645535131026842	0.2629384858550877	1.0298190951159536	0.9751251399444403	0.7077383773640112	1.0	1.0	1.0
0.7504148558244844	0.7393795890504913	0.4968683450190984	0.6651764045898134	0.4968434090584192	0.2858065763771761	0.8328832779699136	0.8994415797805244	0.7990135945019271	1.0	0.0	1.0
0.5948178795591638	0.9076827319648639	0.3671562814486137	0.44589521327831927	0.8017680239855924	0.20287350030729612	0.755723909044544	0.9775118788617547	0.5603311058782469	1.0	1.0	1.0
0.6655598961863209	0.8304530772447701	0.4644488178637181	0.5523005825728905	0.6582249261959081	0.25281689970466753	0.7984549413332639	0.9528860528081677	0.7766461224697685	1.0	1.0	1.0
0.7346187476154878	0.8608626945317588	0.4124466254773699	0.5410586983255253	0.6374985644254921	0.23390546786891894	0.892954053568958	0.9763500818499798	0.6362438187875901	1.0	1.0	1.0
0.5781053098322072	0.8304991685479346	0.48317465280074906	0.4359389400054041	0.6689641177981472	0.2486673830342616	0.6772646858818986	0.9750836717591845	0.733715677506542	0.0	1.0	1.0
0.6200697072497631	0.9114907912544257	0.27649739437082205	0.48813610933341345	0.8121366942224829	0.1476430369983234	0.7434999204138564	0.9826307331093257	0.45118976187784876	1.0	1.0	1.0
0.6242370662387272	0.871961059009333	0.5571963865075918	0.47710462215234367	0.7508533557403225	0.33168436196119666	0.7852003482140386	0.9702909208360323	0.8117942660839248	1.0	1.0	1.0
0.8274660666529061	0.8506429907700545	0.3377316053580064	0.6174632070500501	0.46859172152967704	0.16022095395907876	0.9630043313231015	0.9795230344082989	0.6806350780382122	1.0	1.0	1.0
0.8067778099644648	0.8939148482690614	0.41553427218170835	0.6474075093106542	0.7153343815397843	0.25616049056804385	0.9917796293330072	0.9759443605105501	0.6211400251574668	1.0	1.0	1.0
0.7367827808107791	0.8498369936686226	0.3799334937972525	0.6404830580726455	0.6824581376056457	0.21641804822463287	0.8420968817448565	0.9598466423064926	0.576908796723349	1.0	1.0	1.0
0.5516307673064844	0.8972477925140313	0.5176387913570137	0.3836353779858147	0.7709186432213478	0.31917640648648865	0.7294926997828898	0.9735711584590806	0.7469202744506639	1.0	1.0	1.0
0.5605984690301422	0.8561131076840875	0.3671252168452322	0.45897400096649715	0.7084026585786224	0.20379407631714475	0.6607887794150706	0.9644103673066943	0.5485446198196432	0.0	1.0	1.0
0.8032302642590086	0.8552078098371104	0.358013765985868	0.6703485479149822	0.7043083540994841	0.1943887170856312	0.96269576715238	0.9625038288979033	0.5530353455973002	1.0	1.0	1.0
0.6342320714284628	0.7847702983736121	0.7384201178000518	0.5102595168103873	0.6088050266978869	0.5388314263493181	0.790213354852723	0.8994732761354612	0.9245572383741609	1.0	0.0	0.0
0.6423413955181525	0.8378147319703537	0.501012261293768	0.5320751272344654	0.6906523467421491	0.297157444313112	0.7668038736768805	0.9494367064718904	0.7375250136530301	1.0	1.0	1.0
0.7226679852407233	0.8371516009706516	0.4487933207512961	0.557673496049612	0.6461063421746748	0.22294727979274964	0.8518155610620894	0.9732148541564506	0.6854681027078592	1.0	1.0	1.0
0.7684365412644638	0.8508952646892877	0.42177875244949214	0.6068901941822173	0.6115539630090301	0.22270155996389976	0.9567974993682701	0.9814807443819342	0.7106297334321876	1.0	1.0	1.0
0.8049160883791536	0.8972721933613332	0.3537825053283131	0.6701636157780348	0.7681771481937277	0.19951369187651025	0.9559479253304892	0.9749958374574985	0.5358078076899364	1.0	1.0	1.0
0.7306355404929723	0.8984041152176871	0.41083753439453174	0.5614951079143461	0.7864466595199332	0.23453466930805456	0.9708762774623536	0.9777699747169901	0.6075808367224661	1.0	1.0	1.0
0.634046696587895	0.7395637518825249	0.4913076924573496	0.5671129199624371	0.5011940608549983	0.31829520477637696	0.7144374101550138	0.8828367635006502	0.690461347261755	1.0	0.0	1.0
0.7998690605163574	1.0107144117355347	0.4266410768032074	0.7998690605163574	1.0107144117355347	0.4266410768032074	0.7998690605163574	1.0107144117355347	0.4266410768032074	0.0	0.0	0.0
0.6502090058752417	0.8170000478391962	0.6457311615265846	0.4971850040307209	0.6586743297620097	0.4302609159684021	0.7888728959671178	0.9364888458450198	0.8793021065787481	1.0	1.0	0.0
0.5935885509634734	0.7844882187276672	0.6303920517712525	0.4907042181530081	0.6188614775109857	0.4169541200558584	0.6949239162337317	0.9165992705551977	0.8676914865648376	1.0	1.0	0.0
0.8114777948534367	0.7936752933306812	0.50165469510724	0.6946601497281338	0.6383828743191898	0.291858848079162	0.9521207309507499	0.913192441088812	0.7135705471500763	0.0	1.0	1.0
0.6523962963848221	0.9290447321014338	0.36392038946802296	0.42517931973343026	0.8439113784975902	0.2335497508248001	0.8679147908576801	0.9863379337522489	0.5566542777676081	1.0	1.0	1.0
0.694661559673172	0.8387666524745679	0.39808369826643153	0.5934591265832148	0.6765731952844906	0.21928269909776388	0.7965575666462165	0.9491994434398556	0.5937057732675742	1.0	1.0	1.0
0.7347807081609696	0.9183329734247565	0.3509280208999693	0.549044552509721	0.8092894576275289	0.19497280386669974	0.9201643717994838	0.9819509325986038	0.5364772386578672	1.0	1.0	1.0
0.6318865373712409	0.8910649878850176	0.5008974155917668	0.44703363261340495	0.7327978136584832	0.28622194484156704	0.8377262383252975	0.9798118747953058	0.8003248764465173	1.0	1.0	1.0
