0.7153654627426392	0.8378185417996545	0.43325405115774734	0.7153754976571304	0.8447166632876807	0.43200431132895806	0.5988755340494682	0.6878234643245	0.2748010915545888	0.8387056407628338	0.9389000374505871	0.5817624218489222	1.0	1.0	1.0
0.6808961529921627	0.8555495623508834	0.3602692665911942	0.6722286374325782	0.8734425245677714	0.33785512484758107	0.5846286529003576	0.7030071555947702	0.18579633306524912	0.7983417650938653	0.9509444435045179	0.559051246705015	1.0	1.0	1.0
0.5660794854626365	0.8174826147608306	0.48953441976400364	0.5559083673364702	0.8377859525681897	0.48199834303957223	0.48200694796045596	0.628702198858312	0.300560837150825	0.6670112508507796	0.9560203469162801	0.6798949006240917	0.0	1.0	1.0
0.675302368627135	0.6450144046915454	0.4927077529347153	0.6781974788350132	0.6504733133864391	0.4928897073146351	0.5912060765127195	0.3630242874247687	0.2194155508840483	0.755887546530291	0.8650440237497166	0.7510252105570991	1.0	0.0	1.0
0.8126157695044238	0.8578373428884302	0.30566412150373745	0.8119225695606609	0.8656661078269487	0.30318516471596746	0.7001480814102126	0.6941420068289064	0.14396790556287525	0.9467725558384221	0.970406544640155	0.4815563767184121	0.0	1.0	1.0
0.7108925487755924	0.726171556686644	0.45136562011688847	0.7083006235484619	0.747777053930359	0.4501593275187469	0.6284984500542431	0.5002733783944973	0.24355806378803352	0.8132906179152889	0.9026237822941442	0.6832434989778263	1.0	1.0	1.0
0.681043283190712	0.8649881480995095	0.3688496161162901	0.6727990690027811	0.8914024595887183	0.34745298221287246	0.6042591218719463	0.7486026073777609	0.24023773391729927	0.7788741525784644	0.9633034972556476	0.5369987830914927	1.0	1.0	1.0
0.6583023540653994	0.8074270951574686	0.4737631318148965	0.6493729093456233	0.8291297239570453	0.470611285563893	0.5443239459300191	0.5570386398388428	0.2925851957989031	0.7864783922683991	0.9471812838265169	0.669712713177112	1.0	1.0	1.0
0.6424544399744996	0.8902943215118245	0.3143431950845047	0.6443528851273498	0.9035426587027453	0.31148834017930005	0.5337321312101919	0.7580457696948748	0.17493659533995842	0.7429135979129733	0.974795436573859	0.4629835367264975	1.0	1.0	1.0
0.6137690505278981	0.8551146343539228	0.40711700986002713	0.584161572007922	0.8614946874647091	0.41399100687546947	0.5049571226252689	0.7230277184648097	0.22162504451236814	0.8714509269353762	0.9814634526045855	0.6057155182362493	1.0	1.0	1.0
0.7016401184763035	0.9588735702042132	0.3419755354823295	0.6594881083058175	0.9648326833822225	0.32698459954412545	0.4741612534034151	0.913344356429459	0.20730164131901105	1.052481870050737	0.9863801743541394	0.5152279626647591	1.0	0.0	1.0
0.6311902523511599	0.8693955930465925	0.43647617482392775	0.6188233923791222	0.8890749549359022	0.4323759718650735	0.5139683390249146	0.6711851151218404	0.21604164624593733	0.7577055866144458	0.9815318274965122	0.6248182886496756	1.0	1.0	1.0
0.5524888434489845	0.8986746991761048	0.3468905976609622	0.5588754302433561	0.9053244002544887	0.32867578897165606	0.44075639201504363	0.7955969215613868	0.19414987436427283	0.6639646041148293	0.9859404677926487	0.5056969370980278	0.0	1.0	1.0
0.5877523207414358	0.8818278803186833	0.38975701133018925	0.6002565068675353	0.895289484075369	0.3838369062738882	0.4376044553541015	0.7493219228518043	0.24178730494448394	0.7076758459489041	0.9821247685678085	0.5754972576674031	1.0	1.0	1.0
0.6307444520504764	0.8400566094022061	0.4513496240575491	0.6288742341580192	0.8635465499383618	0.440623474043019	0.5264554934263393	0.6790659380498978	0.2739095279849941	0.746532777688898	0.9542517474491944	0.672087861798188	1.0	1.0	1.0
0.8408804085750115	0.7938785312197277	0.6111675028090559	0.825570877098604	0.8044601886481328	0.6123981223845854	0.7505876515355916	0.6411332023868865	0.44774631424972805	0.9869026421079888	0.885556303389681	0.8178354235868093	0.0	0.0	0.0
0.6290911748140066	0.8962315745546613	0.5643344147666718	0.6084882625346827	0.9062671337444453	0.5866063858020137	0.45175887464261105	0.7346598799123168	0.36017122720639927	0.9745874672872479	0.9800637034035942	0.72753837232991	1.0	1.0	1.0
0.6978668154283997	0.8383991546667396	0.5142974394665223	0.6886268056685014	0.855782024495267	0.5188805021089757	0.5588546107736937	0.6187449149259417	0.34971569683020404	0.8569480429454348	0.9559930548912472	0.7099592479214346	1.0	1.0	1.0
0.6610794510308132	0.9247298494414394	0.2773617412885753	0.659092869183262	0.9268821857540578	0.2805523644191317	0.5382239226450587	0.848985292668729	0.16470848087950563	0.7726440563792368	0.9839246590699359	0.38082016163759846	1.0	1.0	1.0
0.7452446304905996	0.7830217940602753	0.44617867332916467	0.7422375523462977	0.7890087913089375	0.4494533948713928	0.6456548466059888	0.5741977383749204	0.23210327712448306	0.8429933729879059	0.9470482827195547	0.6527183707248313	1.0	1.0	1.0
0.7227072541364424	0.7643227705309898	0.48425389337293073	0.7142490100162228	0.7774788202127904	0.4813109132953026	0.6251621539284737	0.5309410918322199	0.2517437696659598	0.8275185252095747	0.9131973865208518	0.7168221877398231	1.0	1.0	1.0
0.7045689694319308	0.8581823557185263	0.4115354050229572	0.7062812817449434	0.8652735301744343	0.4072096102664915	0.5510310853450238	0.6924069470570282	0.24074324261707974	0.8497600215073567	0.986483545490492	0.5979334342654492	1.0	1.0	1.0
0.7901671479111626	0.8498437379782237	0.5196175375780842	0.7707540901468013	0.8683306439647607	0.518152386800415	0.6485870621179086	0.6795832378887554	0.34594436793446115	1.0023070736850452	0.9619503020211855	0.682993769682025	1.0	1.0	1.0
0.6381947913678808	0.8787331547425347	0.358844569698169	0.6274127546765843	0.8811059799221168	0.35363750534822114	0.49821499107644235	0.7588678356006968	0.19232055586377747	0.7807511931696527	0.9763264711298983	0.5080979933223356	1.0	1.0	1.0
0.6228616150660443	0.7774439264156239	0.3798853964932745	0.6295731455661768	0.8091964145855246	0.3614490036854787	0.5280309291727998	0.5760155960461948	0.17542817631272317	0.707520209002629	0.9546942934868947	0.6071489539403865	1.0	1.0	1.0
0.7755977249387717	0.9051280339075848	0.29299076579889094	0.7673693179348213	0.9209024775645795	0.28298794544402817	0.648064419172059	0.8048618286576701	0.15650624579401268	0.9152026293893072	0.9755663513529328	0.447156207341683	1.0	1.0	1.0
0.7821695900464539	0.8134499755277675	0.48679692531740054	0.7818035772225251	0.8228502189540661	0.48057042943800987	0.6580258237294827	0.6706635603277011	0.34913635421326533	0.893710768701517	0.9478407561877201	0.64730745339953	1.0	1.0	1.0
0.7896125626534186	0.8087613228721386	0.5457818366498021	0.7852001398655359	0.8384739732063232	0.5326308654946137	0.6667266780443264	0.6304581525112127	0.3725273651529075	0.9489918241806721	0.9430869249338618	0.7342558653620286	1.0	1.0	0.0
0.6056965060607535	0.8566533095134494	0.4344086008448924	0.5924944675191895	0.8722953351701503	0.415505628278987	0.5139113754925718	0.7036627277055231	0.2755153502228365	0.7226662759382366	0.9475363267845567	0.6133733671406563	1.0	1.0	1.0
1.0702712126524438	0.9620454428477987	0.28800595386888683	0.7435573065315276	0.9764166170233265	0.27451757574303304	0.509183475394645	0.8994423253797118	0.14732866327626304	1.888076776044573	0.9897072533664322	0.47228028464271044	1.0	1.0	1.0
0.6932035376178841	0.9088566864948052	0.3194047616868374	0.6779923505616929	0.9165136836000036	0.3136485159776408	0.5858718042604861	0.7929788919902727	0.18226670957549668	0.8799066856028867	0.9830422545183198	0.4967559325764221	1.0	1.0	1.0
0.7924225356762523	0.7609165580457798	0.575448785387886	0.7872504468590206	0.7653474271229075	0.5708904478636901	0.6907539163609544	0.5781444392752395	0.378427079991717	0.9041909972045497	0.8916471020078202	0.7820304083954518	1.0	0.0	0.0
0.7250809269474399	0.912335647642039	0.27951724234062253	0.7302908617267662	0.9273314374906054	0.2743669622579812	0.5652522123934843	0.7736932237489497	0.1384341290300391	0.8696257461748204	0.9857622553078116	0.47423099452570283	1.0	1.0	1.0
0.6242801890912181	0.854601308113635	0.4087410704569372	0.6172138376263165	0.8692865080630565	0.3965625871078709	0.5187329226374041	0.6935894555320643	0.2123774237223786	0.7403417990164144	0.9648024933949959	0.6205091911306189	1.0	1.0	1.0
0.7058850766054049	0.9129021996033919	0.35314669473951876	0.6907807852956009	0.9265036493341533	0.3497699972105006	0.5265720579081175	0.8002031490449939	0.17786304604668046	0.9294846167345231	0.9820135932847831	0.5219003383406801	1.0	1.0	1.0
0.7218374261986662	0.8315243925550833	0.4010683598883856	0.7206214066168293	0.8331616147597787	0.41027748768831673	0.6394835537625889	0.7039280562038817	0.2648700158758021	0.8246707454085568	0.9341206207880773	0.5855748311780098	1.0	1.0	1.0
0.7972864748124925	0.7306744162342829	0.552967867403204	0.8051151452657404	0.7488987634760562	0.5623905678333958	0.6913186005989254	0.4834072717916008	0.34503111245657014	0.9125626466793175	0.9013101036629566	0.7564989993948565	1.0	1.0	1.0
0.8293750601159476	0.8361419407411415	0.5597465792775828	0.8142061387201875	0.8486345552277494	0.5705399408526548	0.6672341180778489	0.6451405335275335	0.3356652112712178	1.0775455650164805	0.9596897007820431	0.7935642839398408	1.0	1.0	1.0
0.7694670444661724	0.8885807874538368	0.3852175968060969	0.6789490552724655	0.9201894751564391	0.38590201364477406	0.5220872793048175	0.6847152192744327	0.15443168616148514	1.1950381438384872	0.9888107086019516	0.6436954897416786	1.0	1.0	1.0
0.5851570994842148	0.8825154867565698	0.3919841232104146	0.5848057809022592	0.8990857893246422	0.38550766116958596	0.4692756939690717	0.7419897987897844	0.21522975040724593	0.6941312932081917	0.9767932856637517	0.5818158747863258	1.0	1.0	1.0
0.8229222584982105	0.8892915225093402	0.3636505110028024	0.8096904302944167	0.9069969601002781	0.3539030757566433	0.6779510865012722	0.7274144185580207	0.19447790220826605	1.0506831245297856	0.9827188596839848	0.5568816341069729	1.0	1.0	1.0
0.7130404265015685	0.8135323522129135	0.4263661141008015	0.7143846448189212	0.8315613753715858	0.4256464284085174	0.6065349286967999	0.6225902046846105	0.2429264956814672	0.8052002973641595	0.9648823759334098	0.6410856207064497	1.0	1.0	1.0
0.597432428649149	0.7515760153744944	0.4447377336942998	0.6036001493622998	0.7570081954651373	0.4329057628516817	0.5209377102218886	0.5611608517632235	0.19420014345587844	0.6896857742485113	0.916740254735137	0.6884981245374322	0.0	1.0	1.0
0.6175545947537233	0.7478704556729967	0.5589025428460471	0.6127082980163936	0.7584252699508001	0.5561723924733732	0.5369465080926548	0.573206651460307	0.3475568224325263	0.7178551836386111	0.8965112527295984	0.7859623938705756	1.0	0.0	1.0
0.6922246421122393	0.9390249063429033	0.3621068581612703	0.6343898365528491	0.9544543601679979	0.3550372868280501	0.5083767179234864	0.8622449116876114	0.24121398106054584	1.250295831691028	0.9832883451871007	0.49694205851662826	1.0	1.0	1.0
0.6623055783022975	0.8138878570537829	0.4923467984160711	0.6579569403064742	0.838337973387648	0.4843438847693097	0.5639098177517682	0.6238180391117117	0.30434690932992137	0.7762414914822273	0.9395315637305135	0.686154577480712	1.0	1.0	1.0
0.6721427583293452	0.9076643821262413	0.39655555760305267	0.6625981711589555	0.9221858156523934	0.38641462574714736	0.5276062354144042	0.803260219109306	0.26674651988269904	0.8600921430594114	0.9749579515063947	0.5450306226356325	1.0	1.0	1.0
0.6365636633590934	0.8543963303849439	0.3788232707816511	0.6358752416849844	0.865468229213548	0.374119327665997	0.5441995357903678	0.7314331193817852	0.20253966218855568	0.7589063758148118	0.9506800871910308	0.5268300453196615	1.0	1.0	1.0
0.7205110911319327	0.8625454342043377	0.35915032629017074	0.7244215495325471	0.8857860301894973	0.34264864374383086	0.5929399167316374	0.6567680872384362	0.22242062177576588	0.827481763385479	0.9721929480934473	0.5655553805597482	1.0	1.0	1.0
0.5901045955840446	0.7479653267005062	0.5971205299925791	0.5861868476133254	0.7607698814703026	0.5770602298351856	0.5019299481511817	0.5591064644174147	0.4006356153061847	0.6926101455122584	0.8946175433363692	0.8234789476054035	1.0	0.0	0.0
0.8298822248922031	0.9414905855866722	0.33845624952884007	0.7842373386174426	0.9572928969690758	0.3184772690331396	0.4682436237339	0.853482537344009	0.19525956765261407	1.3809398502105863	0.988309290745282	0.5554324695980887	1.0	1.0	1.0
0.7007318740035833	0.898046251308215	0.37025738376326994	0.6753444882847675	0.9068999150233504	0.3861520226620283	0.5691979437649426	0.8028708713366793	0.22326482769732664	0.9801293554497804	0.9816376925776	0.49755287793846437	1.0	1.0	1.0
0.7000593875981367	0.8947161008601937	0.33828530605274565	0.7009624694543591	0.9191900461083377	0.3337531018236378	0.5720305584272003	0.7533421327364309	0.20275335717733686	0.8383020542167721	0.9690330051902223	0.5186013019599309	1.0	1.0	1.0
0.7262723360296597	0.9084647434538029	0.34656831261468907	0.7054052039015795	0.9241632984289084	0.35184285250571146	0.5424556517783266	0.7683944852558625	0.20083926166083477	0.9778302449491516	0.9835984548785733	0.5280045269330053	1.0	1.0	1.0
0.6928130298923656	0.8581867425354074	0.38624846221112036	0.6920181743590035	0.8759012753449459	0.3845956760657355	0.5757735903399372	0.6233316432226585	0.19774727976110304	0.7996647366199623	0.9764220241904442	0.6003994204396929	1.0	1.0	1.0
0.7046005104702683	0.8744890740336686	0.33129365160308866	0.7064760005315507	0.8966401655874555	0.30853619454033687	0.5879334599549363	0.689965818953735	0.18615462461332866	0.8127604228933978	0.976273113141507	0.5409835673137628	1.0	1.0	1.0
0.709717229219524	0.8597656954961315	0.43669441385245156	0.7120094003213463	0.8669186309704533	0.43048358206460413	0.5822261263449577	0.6892355545003597	0.2598312007975909	0.8232224469377949	0.9725913662282951	0.6458264963518808	1.0	1.0	1.0
0.7545884801480852	0.9315175801057004	0.31165160770326017	0.7444916779643481	0.932834813898563	0.31078116558298885	0.5798384974094449	0.8358951516309722	0.1960957537052303	0.9860576888049088	0.9888972148772783	0.47644631177197	1.0	1.0	1.0
0.6338129031215384	0.8890436255006369	0.43782292043038556	0.6121424251115567	0.902799000417638	0.43303263791702284	0.5179650466838314	0.7518453411711575	0.2779137266407867	0.8907898487554582	0.97517378315998	0.6613564749662526	1.0	1.0	1.0
0.6631376143843304	0.8637558470878826	0.3857861070834075	0.671579160555671	0.8814960387063018	0.371477198764543	0.54994600205453	0.6622620784587019	0.21414012326574955	0.7853783691330036	0.9619903173863361	0.596138348854828	1.0	1.0	1.0
0.7252419325153355	0.8425894631568754	0.5075533635622826	0.7160104469597883	0.8642738474385264	0.4957798750931284	0.5702291024195283	0.6620577228925387	0.35307651333290707	0.9895403971439298	0.9563045879608674	0.7055591765325678	1.0	1.0	1.0
0.6997242712039127	0.8316601973311354	0.48082623891129456	0.691877378343624	0.8524217652550198	0.48790143968171207	0.5855412956673146	0.6615477944374568	0.2829873744210933	0.8299150021739974	0.9681437867539535	0.6788949133656262	1.0	1.0	1.0
0.6143837998905147	0.9001613949539833	0.33983672370172313	0.6117344133067217	0.9123474128022426	0.3332995701528465	0.4804847848036191	0.7833970643215582	0.1988134483270857	0.7445163089517416	0.982639921294548	0.5205804967357697	1.0	1.0	1.0
0.7049183578317377	0.8985372080475443	0.33713529516688534	0.7059814579497676	0.909171209323624	0.329121210273548	0.5723403893579722	0.7564222146082661	0.18456316455317068	0.8398680335018548	0.983608244175012	0.5060415821067107	1.0	1.0	1.0
0.7827244814509448	0.8705317630060231	0.34901190979982116	0.792734271479806	0.8738491792333066	0.323627194271186	0.6683897029389929	0.752916964895991	0.1922452281334475	0.8734176368985301	0.9693953629299376	0.5588797325354528	1.0	1.0	1.0
0.776142825073349	0.9501965910027655	0.2563788239786445	0.763800870886146	0.9571755852142506	0.2590414979817906	0.5754267565419127	0.8974406264884008	0.14877636167877084	1.119244854790109	0.9857425228170028	0.36628311417327536	1.0	1.0	1.0
0.6901309839810009	0.9458046960397204	0.3172640932304314	0.6755233752569509	0.9588155252953917	0.30894690112145873	0.48829710622477485	0.8636859060810139	0.18949681330469204	0.9239328986624565	0.987219919300029	0.4802084602599356	1.0	1.0	1.0
0.7457197395500038	0.9407009930366542	0.28446524724640254	0.7294099837460273	0.9531806581536746	0.26847509044050716	0.5620559249345042	0.8521197150430381	0.16717601910996102	0.9634637771571555	0.983614392498651	0.5083893312765483	1.0	1.0	1.0
0.7254513581218376	0.9159358381734589	0.3393029888250706	0.7343529288573004	0.9215059114019826	0.3455329503995222	0.5662654611683466	0.8308024214058043	0.2107565691770475	0.8543815779730771	0.9806775424683382	0.485321708983112	1.0	1.0	1.0
0.8016680488704385	0.8477712733842027	0.3634939581083305	0.7922313050333624	0.8717039074088184	0.35781057612032935	0.6966071652982453	0.6686582926320148	0.2181869808124967	0.9382428835710247	0.968522836910442	0.5607784437011053	0.0	1.0	1.0
0.657772156630094	0.8448590955976009	0.4788910117498389	0.6532726667826667	0.8564795976313592	0.47797480328471925	0.564635826252984	0.6897997028925389	0.32531484069332495	0.7445124957088193	0.9465949911240641	0.6483868558039927	1.0	1.0	1.0
0.729421195757013	0.7304284227056395	0.477084357270342	0.7283924112529278	0.744454372300842	0.482733884171036	0.6373165787403339	0.5058016500816922	0.23137377042025933	0.8447646662136216	0.9110178113317129	0.6983447421033324	1.0	1.0	1.0
0.7292722638611765	0.6473533362071826	0.4984310126144276	0.7254393152549383	0.6710500887576443	0.48180540518811127	0.6389415606606691	0.35475883023589927	0.2673048450360905	0.8370239449598899	0.8857210671910042	0.7713499925701632	1.0	0.0	1.0
0.8082568933857069	0.8386576855057769	0.4721824745667289	0.7960767297928206	0.8509004205519081	0.46630527644352665	0.6631799873009393	0.6636910061611372	0.3175799314569796	1.0942000018667855	0.9713730528970324	0.6320898430921222	1.0	1.0	1.0
0.8092484785210565	0.8785484240629521	0.4218351898308534	0.7443127825846504	0.8850477636857571	0.4163682141235522	0.64297082873779	0.7370835517954734	0.22737071824130575	1.2129250402349232	0.9867180290941069	0.6315353302354083	1.0	1.0	1.0
0.6503576302201823	0.6960871306987267	0.4575338341916615	0.6543079884368566	0.7429376952050933	0.42773769817519197	0.5844494858493139	0.34815986307854263	0.22418798169255008	0.7456080847286529	0.9007026327332613	0.7191724121613448	1.0	1.0	1.0
0.7367745356399831	0.8806668103327526	0.34810406895817597	0.7411858789868617	0.883716944599126	0.33660330522144954	0.6246292420210275	0.7805942272240683	0.2075956607725606	0.8488260217923621	0.9666450817833595	0.5121459720211402	1.0	1.0	1.0
0.7676618785562037	0.9126737830309667	0.28825221254395694	0.7638659061018861	0.9200140139698756	0.2881883064791969	0.6471169176899719	0.8216889620787645	0.16527294935563536	0.885612471861272	0.976990381199196	0.4145047565761825	1.0	1.0	1.0
0.6306560792380184	0.677932563250887	0.5729081678942127	0.6295929993872195	0.6968871159496539	0.5799856167469661	0.5490287931251673	0.4701150281625769	0.3627275128966845	0.7066560206345924	0.8554263174166109	0.7944159726436546	1.0	0.0	1.0
0.6320190463737748	0.778867655270947	0.5216214943438586	0.626575685853632	0.7923650867997734	0.5147755747716765	0.5533456770220875	0.5944794008585481	0.3329040056721358	0.7383576317100209	0.9039130381688139	0.7297870942534465	1.0	1.0	1.0
0.6665897925274348	0.8836057989861821	0.4374683695102966	0.6502186306116617	0.9033775694797297	0.42783218062516004	0.5375657507139004	0.7541965147470782	0.2717934837572983	0.8261468719458651	0.9730623816111091	0.644024496772504	1.0	1.0	1.0
0.6866454646952932	0.9337358777493496	0.3151636388404031	0.6745785075047479	0.9457145832423113	0.293952040929497	0.512880407852631	0.8454293480639827	0.1860884403740511	0.90120750148617	0.9859799528553552	0.4765460354094454	1.0	1.0	1.0
0.8674223087191842	0.6089017627819981	0.6381982438933586	0.8628669101663002	0.619181707179296	0.6459511102656971	0.7718102494429571	0.37825490989782967	0.39841504823623897	0.9501259134792602	0.8345681174817027	0.9085863582793845	0.0	0.0	0.0
0.5630910556236887	0.8609386713791964	0.4505462850162036	0.5673405427331112	0.8746084653146216	0.43350065479320976	0.4687493112267435	0.716985368989117	0.3145509576371026	0.6616756190645303	0.9452875132446079	0.663284373433944	0.0	1.0	1.0
0.7299636887956794	0.8619618599901698	0.36178465903542156	0.7355768841646738	0.8900887911242212	0.33374551138385394	0.5523785242954937	0.6602034679261781	0.22232347460125695	0.870594802541566	0.9710661309722661	0.5783668279709081	1.0	1.0	1.0
0.7311529750109297	0.8882228568260113	0.33825060136551255	0.70016147258819	0.9006990125975628	0.3377442641523477	0.5904704412227462	0.7363042340945062	0.13639327432318976	0.9918856344282747	0.9830402507285811	0.522780012546219	1.0	1.0	1.0
0.7303148097728378	0.6823112553914306	0.5750835830103963	0.7293758508480743	0.6927130431079538	0.5774549000906363	0.6390624262807258	0.4615898790382451	0.36841568436500305	0.8147644081043752	0.8464965623346045	0.7778456225680446	1.0	0.0	0.0
0.7724941652564556	0.8497477964904763	0.5993490394233082	0.7639523019004293	0.8537559736369048	0.6013679443001114	0.6589151036710047	0.7301919672260753	0.40027612693646203	0.9091023788643345	0.9396932993208026	0.8224671355787511	1.0	1.0	0.0
0.679536558218817	0.8672341709730063	0.336224804917066	0.6784420784050139	0.8746377951092786	0.3410890874718127	0.5937738392124378	0.7340306877664354	0.13921312709536526	0.7899520596339507	0.9675618612427838	0.5041725780695709	1.0	1.0	1.0
0.7206602251906684	0.9037156539115213	0.3456693255168239	0.7114743007821562	0.9164740365800159	0.3481954033723742	0.5678281550849024	0.7743119265633112	0.19900682932271752	0.8776327646102254	0.9767019278181668	0.5170419932734432	1.0	1.0	1.0
0.6553052546086214	0.7919471197740044	0.48293070969471275	0.6578531712022642	0.7994934744858944	0.4890222075134022	0.5687054416998905	0.6488742080425074	0.3177093273189901	0.7502097556837414	0.8971817542095436	0.6349427308687866	1.0	0.0	1.0
0.6602937785440668	0.8136390041311875	0.5633832476582543	0.6591137300476729	0.8254593229878121	0.5539174292952032	0.5421653126094791	0.6970781340429841	0.38940328861669016	0.787798364710906	0.9304435376918015	0.7664767920488379	1.0	1.0	0.0
0.6944925046954805	0.8996443899499299	0.36857274992439876	0.6792340364034516	0.9038769545741929	0.36958986192109855	0.5191420274209901	0.7920563952059101	0.2020837861262607	0.9152498135895403	0.9859231467528662	0.5344374267544415	1.0	1.0	1.0
0.569693662936395	0.8000546876064722	0.4414486970806664	0.5675883986206286	0.8269864533396954	0.4242267386417108	0.48434907304557195	0.5941921677950409	0.23013754887304058	0.6779482575418951	0.9435347124066985	0.6724043139541563	0.0	1.0	1.0
0.6749183351355302	0.9186190952535566	0.349679277578444	0.66640256615089	0.9272162823815152	0.3375620814582346	0.576080088356774	0.8297031177024858	0.22793838525072485	0.8118860130793293	0.9777873934380068	0.49971632720869197	1.0	1.0	1.0
0.7663416119622777	0.7467970260506391	0.5615164118979682	0.7594874286292916	0.7832059015548218	0.5630350043888516	0.6513766013489133	0.43499783648290374	0.34736158917023613	0.8785751450797459	0.88803956314175	0.7754169287500142	1.0	0.0	1.0
0.6396476919051701	0.873203266513037	0.34061943170586784	0.6426168993312821	0.8856510516489772	0.34162199129511556	0.5203563768596776	0.6948237763867287	0.16598396585995043	0.7793667182888191	0.9764679296511553	0.514587131858078	1.0	1.0	1.0
0.6539700736610563	0.9041695675767054	0.4366219239516227	0.6404369911894243	0.9125527527209403	0.4308058336313441	0.5063056097348436	0.792775060721867	0.284175694041765	0.8524396419764845	0.9832920950350822	0.6173255728438289	1.0	1.0	1.0
0.7021688192406697	0.9290894892331676	0.3438269402854331	0.6545658370659	0.9477986242197297	0.3322985340787578	0.44061535879354874	0.7934453472167755	0.2146868255701746	1.132833101529115	0.9848272928514274	0.5063290472420401	1.0	1.0	1.0
0.6539690653367395	0.8604177537387292	0.3799778920931484	0.6496291082729575	0.8795145436464717	0.37693044471175907	0.5526890926980115	0.6913573682283871	0.21145479052054897	0.7994266087463258	0.9628977639714511	0.5720027587560592	1.0	1.0	1.0
0.6489595508806296	0.903304058812769	0.20653519345459892	0.6405262695941087	0.9179684795215013	0.20502806563916953	0.5737395327078002	0.7729733455009846	0.1111239080058615	0.7572881243326164	0.98380301284792	0.36343838425279507	1.0	1.0	1.0
0.5836950930647661	0.8618134940156494	0.407508697494518	0.5801980862354996	0.8744598663669773	0.3981203521213668	0.49831524061171734	0.7190279154752245	0.2520630663665516	0.6800762695065464	0.9557694197730829	0.5779496525618805	0.0	1.0	1.0
0.7474670893235685	0.9310977082704045	0.31203997528767385	0.7488622948614811	0.9465258088337823	0.3046603376626207	0.5378196237304375	0.8303199550491017	0.18830184403374683	0.9363208695669009	0.982216737004829	0.45210491876128317	1.0	1.0	1.0
0.6534539461051828	0.8540431289247209	0.40015659104252177	0.65355738963854	0.8620788237867387	0.3914685618080965	0.578857213291001	0.7316338784178088	0.22785424165603824	0.7307593511488607	0.949842760563301	0.6437349250028688	1.0	1.0	1.0
0.6860986528944945	0.9134207700584555	0.3500534317291349	0.665011947144366	0.9274567500240003	0.3375519220993113	0.5202014481001964	0.8183795882957666	0.1950323335094839	0.8166974940845086	0.9832779189848067	0.5281932907806132	1.0	1.0	1.0
0.7365428667639857	0.89197290029746	0.4389986776590007	0.6838110350838116	0.9040307490880043	0.43258777324057984	0.5620991924528886	0.7525213472855433	0.22353304192412213	1.1369995894663785	0.981694883436196	0.6934673657623132	1.0	1.0	1.0
0.7440857984101835	0.8804612072986091	0.3529282368976611	0.7474566678551144	0.8765944545122988	0.36939710692095284	0.6107853035243247	0.7961912055848547	0.2440446238056896	0.865879964831841	0.9642896404020265	0.4347085781964001	1.0	1.0	1.0
0.715605524138083	0.912643484059315	0.2959418190068814	0.7074039317070784	0.9232956968449633	0.29939952993771757	0.6104810053576639	0.8065008595580628	0.16087322924682573	0.8496693977257243	0.9783387761680679	0.4397657094569223	1.0	1.0	1.0
0.6588152252998138	0.8322350337360324	0.541062726653107	0.6475349948193863	0.8464714076482669	0.5358345731236629	0.513795450246615	0.6186798582143392	0.3374312176206689	0.8023915926284679	0.9593768777259417	0.7708847288403661	1.0	1.0	1.0
0.7954336912958072	0.8932440677861853	0.4128915624838011	0.7807699376995102	0.9062532093244641	0.39849801526353124	0.6536898449580766	0.7666919418575636	0.24193721193034484	0.9993905734062758	0.9750682364537154	0.6355516265235763	1.0	1.0	1.0
0.6216260810897318	0.6539983636014616	0.464136009686121	0.6198736961215409	0.6710903846347691	0.4703208787339178	0.5501194765847806	0.4243829807155644	0.23845730643134672	0.6972942629208201	0.874866622063897	0.6829960168355285	1.0	0.0	1.0
0.6715643005478441	0.7866354324690742	0.561709949576525	0.6779727023458495	0.7997184617688945	0.5499786748797135	0.5698356557681452	0.6072066109129697	0.37021212541845827	0.7665097328062613	0.9086737196828173	0.7610763025712652	1.0	1.0	0.0
0.6435814862346875	0.8247808660995377	0.48117816798575985	0.6415353978432189	0.8365189032386998	0.4989126677486438	0.5294789902325935	0.6558534156600321	0.2864674363952324	0.7410963411285933	0.9738254864971018	0.6665933740874079	1.0	1.0	1.0
0.8801062490992995	0.8729949852606231	0.3267861717150831	0.87622722659998	0.892305230237298	0.33316209404464264	0.7384898306732696	0.7099271797033568	0.18063014018093995	0.9996194064169718	0.9752154841206085	0.48875915845016316	0.0	1.0	1.0
0.6751798950568977	0.8750066986859725	0.4697431886300547	0.6687545885163267	0.8904038555737634	0.462999950055352	0.5307429576066477	0.7229605619341324	0.3229507196774228	0.828657567702909	0.971127398629602	0.6468228907928125	1.0	1.0	1.0
0.6621326426918136	0.7930620378595957	0.5023201134338675	0.6674793469369843	0.8162022566236029	0.494554486465694	0.5609124317858747	0.5929290667880052	0.31411321973757333	0.768686294077153	0.9202954669799971	0.7030685557424767	1.0	1.0	1.0
0.6728595207167318	0.9211679553431571	0.3218431608670123	0.6685249662020019	0.9350022270034802	0.32346562293173653	0.5475819803184307	0.8367377745959379	0.19180561290388243	0.8250731997920826	0.9787519221132255	0.47863447886590793	1.0	1.0	1.0
0.6812908823832453	0.8380894393509033	0.4342943595376887	0.6789286838671045	0.8605164674906667	0.42765179368588296	0.5626473378792732	0.6983112562503165	0.273844876475723	0.7820785296139205	0.9305181533871105	0.6142431856282449	1.0	1.0	1.0
0.7860557804011353	0.8315708244558375	0.6003759473727724	0.7836903528488721	0.8425865118364614	0.6050402313751648	0.6808334581892659	0.7007975268529065	0.41992396325842574	0.9057476882870487	0.9282911136569298	0.7939443297879734	1.0	1.0	0.0
0.5505014623437747	0.8877764753451561	0.36667044003281535	0.548332955410214	0.898385615658847	0.36258540426385577	0.4663149068196412	0.7797166171546541	0.2257985456344829	0.6498333783940855	0.9788999906198971	0.5043168598085421	0.0	1.0	1.0
0.7052964996469254	0.828013740515877	0.42428703796473805	0.703371078900579	0.8368614674161851	0.4263981115217382	0.613013675273479	0.6550179525398558	0.23003046491656387	0.7976681733700766	0.9416379543083447	0.5768175635063535	1.0	1.0	1.0
0.717306297012598	0.9056464255975624	0.4163535437226014	0.7159079316914383	0.9170034515380385	0.4099826452356127	0.5241211297686974	0.7888304773901111	0.2622110685455496	0.9303405573119514	0.98257634503351	0.6010499073320507	1.0	1.0	1.0
0.6920352747863728	0.94382312491385	0.3155938773646814	0.6902171385024625	0.9478192005644931	0.31965563911791295	0.5446694065518147	0.8938172525565397	0.18977472213507052	0.8298168699695139	0.9838464111648698	0.4272152148037766	1.0	1.0	1.0
0.6855816348591752	0.8296854852985087	0.4970589993493207	0.6776905330765096	0.8422850019378472	0.4982011367085645	0.5785537874405061	0.6508900773590336	0.3088985633519244	0.829736472279504	0.9504301751858047	0.6777671964729541	1.0	1.0	1.0
0.7195428784429168	0.9130409947033004	0.37174981776724303	0.7162026985518931	0.9296761712379261	0.36234813772955743	0.5411950573452202	0.7824288633049202	0.2355353409767386	0.8685189420830461	0.9832674021038855	0.5310986974832556	1.0	1.0	1.0
0.5915801852924802	0.8573821275665741	0.4358508932095177	0.5963950402570225	0.8767260862811179	0.42272208790605953	0.4589251917974143	0.699072207008798	0.26080970504341305	0.7031007571970467	0.9696287793020044	0.6674063345543503	1.0	1.0	1.0
0.732933512320771	0.8751455285613523	0.3542217765139868	0.7362048317414668	0.8844777537224577	0.3492058671304734	0.604023593878994	0.7592616737481751	0.20467285000551388	0.853374308774288	0.9757171616386978	0.5214086606098253	1.0	1.0	1.0
0.7160606881080627	0.5880380585379943	0.6017143192324375	0.7168539075705329	0.5953564535801508	0.6050534894000194	0.6177273932179914	0.3303646029434751	0.3240245195978467	0.8085817626670609	0.8101280845279988	0.889297304007378	1.0	0.0	1.0
0.8095519822942624	0.9166152193737829	0.3256085701154617	0.8043106537259148	0.9285192859696589	0.31636826561806575	0.644382227940733	0.8026035378318349	0.1589107795138666	0.9813689499578911	0.9824971353886023	0.5397690986658533	1.0	1.0	1.0
0.6428147471039477	0.8612644394374543	0.4101990349558036	0.6349458338647878	0.8684979359811873	0.4084892136951017	0.5513244932284513	0.7529887774427413	0.2649443360594184	0.7608310214253878	0.9534585542964334	0.5721549732582661	1.0	1.0	1.0
0.653064084884865	0.7701465973612788	0.6460894353553622	0.6504972437821473	0.787104524473403	0.6393360273241712	0.5541531181757483	0.594146367002961	0.42387417945701084	0.7999264606886684	0.8955641342454597	0.826672275529796	1.0	0.0	0.0
0.6601432326059189	0.9380652600983955	0.2852361851091262	0.65941779197438	0.9432621153644924	0.28248430340697195	0.5286307688492612	0.8743494740160125	0.16085155847446703	0.7909385483727334	0.9827880324822588	0.4095181764928385	1.0	1.0	1.0
0.7730975732232704	0.9061030209484694	0.29465381522108713	0.7696138227898345	0.9213961093071941	0.2892266089115284	0.6302143040151951	0.7833214292344628	0.11883067594541838	0.917538406777782	0.9795711992621929	0.44506518361253844	1.0	1.0	1.0
0.6512799523799346	0.573152536724889	0.6628040907444056	0.644413694123097	0.6099885325601084	0.674853108261071	0.5850316872092721	0.29159868742399914	0.4257915208717782	0.723442983717155	0.8019000790911158	0.8863902857066346	1.0	0.0	0.0
0.5800285904864283	0.7825375934664173	0.5292625119655193	0.5785580808229243	0.79400829183978	0.5296582982268825	0.5012783831980323	0.6012236660494871	0.32313380433979877	0.6632261362299462	0.9020831858328138	0.7291277120713301	0.0	1.0	1.0
0.6511374144071753	0.9202156697659954	0.34431597434266636	0.6513654662502055	0.927896941415161	0.3356512109698765	0.5357479191395516	0.8427747369028875	0.1991520866792841	0.7613408036669504	0.9807062448853172	0.49503858865272754	1.0	1.0	1.0
0.7478759876740393	0.8220895189962037	0.42986733820977435	0.7367503169030587	0.8365676987632906	0.4285209507201839	0.6352081642384212	0.6611193362660409	0.23433354058179515	0.8876887443234344	0.9438990036653849	0.6342731291644408	1.0	1.0	1.0
0.6929636977784764	0.8739287328946993	0.32866407391720565	0.6839386359624634	0.8899568030585774	0.3263993481519093	0.5871840385678615	0.7186030112770292	0.16251953472844405	0.8884108494539186	0.9725794785809064	0.49995684528252776	1.0	1.0	1.0
0.5950204100842525	0.9007919958774591	0.37261516602410405	0.5912473263010762	0.9027074417963938	0.3683231826919699	0.4877649106899686	0.8319334806219907	0.2529501047554239	0.732393234192193	0.9692082064380872	0.5171820403567094	1.0	1.0	1.0
0.6888636050524749	0.80939218947333	0.4385674854867884	0.6827405145862925	0.8262233613494148	0.4351566041104604	0.602956368821233	0.6287388011078434	0.23330821704423998	0.7958529163935316	0.9416506610615882	0.6562467509738931	1.0	1.0	1.0
0.7274675509664087	0.8420323256106471	0.5821243070322613	0.7145563606674451	0.8558691333495883	0.5598422357576651	0.5426416456546869	0.6934367321719804	0.4029118765560137	1.0142955082891523	0.9550346516257945	0.7897132964777805	1.0	1.0	0.0
0.6901254087734777	0.8062893555390456	0.49890119351378076	0.6837043331539622	0.8314760334041521	0.474696572796697	0.5704837664930013	0.5783801000407293	0.27541048640484217	0.8340566799347373	0.964938351830183	0.699426997434798	1.0	1.0	1.0
0.7250517866197125	0.9038334679133476	0.3537208511794313	0.7238250875573093	0.915721200913721	0.34666497283450093	0.5633897584211247	0.8007790880205246	0.2261129253831659	0.885398051178484	0.9757866730788293	0.521882945944409	1.0	1.0	1.0
0.6166979516496437	0.8441230616741905	0.44444050612538377	0.6173655914898794	0.8642518267976976	0.4403146609369803	0.5172232762851438	0.6459606833117928	0.2606409509726952	0.751740131654204	0.9603349724461564	0.6523682820966362	1.0	1.0	1.0
0.8285978698001362	0.7845005117880468	0.39611588268046805	0.8340791210475509	0.7974141366989715	0.38500908474197015	0.7352379420192888	0.5928693275679292	0.22014607003501027	0.9123293517866323	0.9334967332429366	0.6148919855216468	0.0	1.0	1.0
0.595452052963062	0.6856440616127855	0.6266112431321939	0.5981071458020496	0.6820183179669619	0.6378072611396383	0.5031149534805669	0.4844890189596319	0.3755889664547352	0.6979199543739433	0.8697307028477266	0.8186607874371238	1.0	0.0	0.0
0.8741264838999888	0.9243624426539231	0.31639299918961244	0.8772120508871869	0.9387137300871533	0.3073026978819535	0.6596869300850271	0.811928086733497	0.1896992716499344	1.142160827504843	0.9868812058610085	0.46618458297697707	1.0	1.0	1.0
0.8472188651192354	0.9229735789653637	0.47401327084771283	0.7983768192582746	0.9324209686903164	0.4789204166021224	0.5892371807459816	0.8467387398775384	0.3112196250457266	1.30490621047619	0.9831890397997591	0.6310922181597395	1.0	1.0	1.0
0.7300396031867092	0.8472178829209286	0.4057899165387514	0.7328301772934158	0.8753848734486039	0.3831120319659246	0.6053286961828785	0.6738168184972256	0.226664001562947	0.8724598007655577	0.9692132160489735	0.6213621176069757	1.0	1.0	1.0
0.6592260165751072	0.9247170652869361	0.3786858945111241	0.6368101446366891	0.9340035312179739	0.37053521206219975	0.5386670588035356	0.8500295619198951	0.2370810389936842	0.8424167008162106	0.9801456012408107	0.5328289618709947	1.0	1.0	1.0
0.7145280515015376	0.8272173507775614	0.43853826860386125	0.7130178539631102	0.8491304214576415	0.4159551039105529	0.6111901906191769	0.6392145976602209	0.2490411236044423	0.815211963331629	0.9552041910404344	0.7051555564804253	1.0	1.0	1.0
0.669749507043014	0.8366608321497204	0.4038785250574449	0.6632408858618221	0.8495249990741501	0.39170385888647535	0.5550024617394245	0.6417069376876847	0.22732199833651098	0.8096973148177572	0.9604828135663435	0.6039796127785336	1.0	1.0	1.0
0.7895434778250643	0.9619241605147684	0.21333241915277	0.8001335314126253	0.9658348695891793	0.20898890673202106	0.6035140872497374	0.9166869512359588	0.12478111791542755	1.0058872323866286	0.9888643023994497	0.32200649691159694	1.0	0.0	0.0
0.6579097875893907	0.9439339345262661	0.24869454180848233	0.6606737420353316	0.9537900646190675	0.24541781150963154	0.4918052844458931	0.8706719617585307	0.1446770944684129	0.7984463053809467	0.9864065665947115	0.3662232144118528	1.0	1.0	1.0
0.8357237363254177	0.9192754274608559	0.29495955431780285	0.8471964796175597	0.9337188460694805	0.28595628079461227	0.611235798392582	0.7917205677894483	0.1779817440783484	0.9848524529491978	0.9863606858813422	0.44936214885304104	1.0	1.0	1.0
0.6597818131306732	0.8972219327852179	0.3447041042533392	0.6606400184177422	0.9092137316077513	0.3437644050174661	0.5229243608511387	0.7674904636421456	0.2042351543214017	0.7800217120848856	0.9807578209860225	0.48815146460192843	1.0	1.0	1.0
0.6306029480983613	0.8846680127696099	0.3900410597445009	0.6197605512314086	0.9021835524599163	0.38307888652123023	0.5356502648181879	0.7432376442234432	0.22403388746499212	0.7506150863385406	0.9667233411365803	0.5922727148372571	1.0	1.0	1.0
0.6567908692026148	0.802233018489015	0.41931792933771683	0.6495877229624815	0.8181705128413812	0.44022198295597453	0.5672443691035	0.6224575675943368	0.22188194833294808	0.7464545991524267	0.9440651377335185	0.6021363100628464	1.0	1.0	1.0
0.762071412510985	0.9200784447463567	0.28887832900172977	0.7586926317161736	0.9291769575981457	0.2986053385089025	0.6079584296035003	0.8282503835569823	0.1488879017088462	0.9349928850701429	0.985122403774358	0.41102358535613626	1.0	1.0	1.0
0.7151961294952836	0.8354639072466755	0.4505546362585293	0.71274566901086	0.839847386611739	0.4560187446008331	0.5972841549582995	0.6657303938914498	0.2655342144983854	0.8396147262691941	0.9600117163055019	0.6352701194279331	1.0	1.0	1.0
0.8085446019832939	0.8346329396342224	0.562298846453357	0.7944248876252865	0.8441575421644751	0.5608616915183668	0.6156421848202029	0.6940802944222645	0.3826893268318113	1.1496901773848465	0.9483273637696487	0.7528267546274496	1.0	1.0	0.0
0.7001344738325903	0.870920706659919	0.31953160924470747	0.7008730690622531	0.8787608561693914	0.3093946673321016	0.6064547243365764	0.7315101307376997	0.1708724285749687	0.7954000493086576	0.9657568517166369	0.4826662807854937	1.0	1.0	1.0
0.7889520842907141	0.9208692189192363	0.3306191050690773	0.7632240794815013	0.9304442998292759	0.3275952073530848	0.6141496754581861	0.8309823759206573	0.17668735486088744	1.1251263961596618	0.9826287008014333	0.48950325492110497	1.0	1.0	1.0
0.6362462442150387	0.8487808109878571	0.392358712098985	0.6338114693451613	0.8708386229279026	0.381419105362625	0.5471454358726697	0.6890920331789436	0.25269093216368227	0.7394651587933863	0.952754460052245	0.5434376840531551	1.0	1.0	1.0
0.6687876364411833	0.8116157734838398	0.551292086624774	0.670682525141483	0.813970713586103	0.5571647705980523	0.5284429744138068	0.6721948857224187	0.34425106535103434	0.7823447138919214	0.9608707129712691	0.7626344450687275	1.0	1.0	1.0
0.6212217987928693	0.897381470046254	0.3105979360283377	0.6324059895029804	0.9158183362887973	0.28246576718152727	0.31036564774269826	0.7575509081770029	0.17696022003116008	0.9365160165014595	0.9881665144457743	0.5070630282100955	1.0	1.0	1.0
0.6352185804896354	0.8938282312317767	0.5107208202975467	0.6343308384971436	0.9038999774059218	0.501662544974667	0.44999144256303025	0.7488978140452637	0.3336395483821272	0.7996275571508363	0.983944965452079	0.7227930745170654	1.0	1.0	1.0
0.7851268525656427	0.9219015925182258	0.24724204932268304	0.7723195432788652	0.9206560245427234	0.25453880566660886	0.6258914410084634	0.8546601702203336	0.13557484934151773	1.0857744316236384	0.983244767444276	0.33726046614733324	1.0	1.0	0.0
0.6154333636990073	0.8234456029293407	0.5279587111993118	0.6102944896525718	0.8414583128964948	0.5157926548168402	0.5157642453025931	0.6669648467328761	0.35560139748225994	0.7461831951566805	0.9538309903749922	0.7092638257693049	1.0	1.0	1.0
0.6879491340648192	0.9211838160474474	0.4106105310788852	0.6753599324918046	0.9196157628610926	0.3878056713343654	0.4879515332783147	0.8441873288805972	0.2576957948416847	0.9297193904253356	0.980328658521181	0.6222802891674253	1.0	1.0	1.0
0.8615395539822682	0.9355269178060094	0.24036815223132357	0.7607146192247601	0.9485657378979496	0.22679274138175576	0.5753485698894689	0.8366148152445694	0.10703728757937118	1.3828447542204536	0.9895774646649756	0.3887627777388357	1.0	1.0	1.0
0.6260747129394794	0.6688832574478231	0.587813875853828	0.6228868076481122	0.6797321791145314	0.5880191605913839	0.556893380825543	0.416835877183572	0.36061578400691985	0.7085562863264561	0.8369058697783164	0.7961659131148391	1.0	0.0	1.0
0.6997618817340158	0.84401726944191	0.43534525191916323	0.687457319463173	0.8526106687085164	0.42745777082240977	0.6023665321046551	0.6952514044178263	0.2393060227331561	0.8429905189164784	0.9556431896345294	0.6547914127941621	1.0	1.0	1.0
0.7363687712615248	0.9210098201766226	0.3208638094271958	0.7197909281665458	0.9238063055532189	0.3147782764532286	0.5285644277948505	0.839693756350265	0.19941680759451974	0.9907752205739059	0.9839025753774	0.46989892336889794	1.0	1.0	1.0
0.5433503606181548	0.5213141706610339	0.5729403122054626	0.5411940375100646	0.5385513013097196	0.5670448885969318	0.4610712489471652	0.12709249936781303	0.33325177745774537	0.6437632331215325	0.812272294093384	0.812635761128029	0.0	0.0	1.0
0.697026314578452	0.8448555835836995	0.4547479744173675	0.6830408394232674	0.8670916135379636	0.45016667321190135	0.5833481397054107	0.6914291156221244	0.31151513050316476	0.8572357460745574	0.9511102218236153	0.6355889694069575	1.0	1.0	1.0
0.6532871457338781	0.8643544601705544	0.34578336677431	0.6460761220549661	0.8948034764782373	0.3127336384202198	0.5379535744081491	0.6090107420412103	0.1795680084956649	0.7910341489890667	0.970916900031671	0.6169595451520397	1.0	1.0	1.0
0.7142022222102951	0.8980535420933674	0.32653164199519497	0.7176836739285982	0.9185870097847135	0.31946333195838134	0.5608827383465871	0.7903197785254692	0.18902504712954787	0.8513559726824196	0.9731218571101077	0.4954758864576742	1.0	1.0	1.0
0.5622631502180068	0.77431678767473	0.47062758068980043	0.5595517578834088	0.7922069601724402	0.4547201595578149	0.4950729436091098	0.5365888872431485	0.2715533479615745	0.6468207963112842	0.9362795119527549	0.6824761093901116	0.0	1.0	1.0
0.8366025050110603	0.9163066140724688	0.2795422897105587	0.8261809585173954	0.9295422756192252	0.2789188896477661	0.6789022314326408	0.8269477278469523	0.14553847410516393	1.0608076779537945	0.9826852062997864	0.43798117239747814	1.0	1.0	1.0
0.7820978013363095	0.9237793147904267	0.2965900711603809	0.7852743672515579	0.9299396752319042	0.3010545149683399	0.6325879782238018	0.8437171868513175	0.15505589904109285	0.9658093332212232	0.9867442898580865	0.42351688958043815	1.0	1.0	1.0
0.6173172657470138	0.7756655590199617	0.4940926215858428	0.6068637921497344	0.7859840591623902	0.4927886334634536	0.5569406291053757	0.6046179175687952	0.2883315557579957	0.7267054414727533	0.8948477914882542	0.6872815197674581	1.0	0.0	1.0
0.7229747805805771	0.8732110404747375	0.35183628433443637	0.7182156542082517	0.8881414069988365	0.3540077008875489	0.6468409454903311	0.7462146541070407	0.2068335111804934	0.8103998130255204	0.9672784320055605	0.5065002672887936	1.0	1.0	1.0
0.7023188802830125	0.8545078383485759	0.5463566264427114	0.6802102903068942	0.8657531911832562	0.5312434941676206	0.5873461415958495	0.7410180445949179	0.38981375611898783	0.8797330929882325	0.9463544614976317	0.7759458474331393	1.0	1.0	0.0
0.6377692848917841	0.8143095018187162	0.4548886031312131	0.6364579331607516	0.8195523229994327	0.4631357279257717	0.5527251672303352	0.6758600770581321	0.252232937272378	0.731285062671388	0.9331679811283137	0.6608972430130587	1.0	1.0	1.0
0.7275341287467962	0.3887209888087555	0.6427868014700079	0.7357181139084255	0.4100966832572113	0.6534468185347527	0.6179556794450767	0.05993740324377749	0.4167839166204193	0.8107574371101262	0.6724384914681897	0.8457351491713588	1.0	0.0	0.0
0.7138673054778766	0.8232077624624482	0.5055543506677095	0.7066062848593295	0.8347891927117078	0.5009604077756019	0.6031972361748479	0.6674556459827755	0.3051191320332062	0.8240465196722394	0.9490197431627423	0.7064182279431229	1.0	1.0	1.0
0.6835880413988387	0.7445118573216114	0.6525025361984177	0.6841315621240545	0.7486531182809862	0.6426744592831591	0.5702546589587156	0.5875642952931358	0.45947880743872754	0.8110271384686237	0.8625254397992713	0.8923551069215442	1.0	0.0	0.0
0.7524990348058448	0.9036615841097375	0.2553205172706589	0.7451359116489688	0.9146845416872241	0.24218375873239442	0.6434641858864231	0.7832885456503589	0.13647293114317519	0.9015273702442341	0.9795793288042126	0.44754689434224154	1.0	1.0	1.0
0.7331946101030538	0.8071891230330099	0.4255033026254938	0.7425006951374621	0.8250873026152408	0.4137699456359573	0.6295816570932208	0.5760188497077247	0.185070182484562	0.8417593815938723	0.9454412072217787	0.6819811451030403	1.0	1.0	1.0
0.7079623059670914	0.8026057125776713	0.6971381855394229	0.695860264944906	0.8076348374363773	0.7091075400604442	0.6014182000966772	0.6459025206378486	0.49414120760172886	0.8517229774583286	0.9101726725638837	0.9252701687757731	1.0	1.0	0.0
0.7074924681187597	0.809579806082539	0.44883546609722813	0.7023967856675893	0.8251377629668251	0.44273526614473685	0.627531915579624	0.629416356839015	0.2673698076967476	0.8209705367559922	0.9392714795936163	0.6323047774652165	1.0	1.0	1.0
0.6793067098213553	0.8213444299360961	0.4534522166532084	0.6727881648251344	0.8232075550339678	0.4543417783157815	0.5791335321521527	0.6826228916922251	0.2879920837832243	0.7837873189135892	0.9350107043678966	0.6338862193326098	1.0	1.0	1.0
0.6456317773960777	0.7213954627113128	0.5402955345033826	0.6409726406813225	0.7372545891746021	0.5457668774895912	0.572848654421285	0.5136075590927546	0.3431749151215527	0.735125799483715	0.8747119009970806	0.747336641107921	1.0	0.0	1.0
0.7314168467502649	0.6697106444804476	0.6734832169573226	0.7333725593008078	0.678071605344572	0.6890136402884551	0.620605930670043	0.4656038457764926	0.44660088817811816	0.8371820277808668	0.8554781747150271	0.897613788854005	1.0	0.0	0.0
0.704151736821055	0.9188146499950288	0.26413697210285814	0.6998293317154092	0.9225689865243377	0.26871475773713427	0.5965803983427935	0.8442548828098757	0.13488440599291	0.8266882804897195	0.9835058984624414	0.3902680254244637	1.0	1.0	1.0
0.6269486313695493	0.8052037632943984	0.42905352711854094	0.6221192447030092	0.8317746229613785	0.41584905323491694	0.5489397811166359	0.6169192659870276	0.24853622070998865	0.7329925813993987	0.9327985940953649	0.6668479282299559	1.0	1.0	1.0
0.5654675758568708	0.6791316825755288	0.7350994435392224	0.5596130597851761	0.6952216971817701	0.736490650875013	0.4795329159471186	0.48987474564893974	0.521482276541221	0.6576807826623441	0.83208990389384	0.9443034991551914	0.0	0.0	0.0
0.6139337863449306	0.8887317446368005	0.32056315018450837	0.6167606437176931	0.9065762272202543	0.30961874850203436	0.4984781215964654	0.7636770681542379	0.15467042899069997	0.7206254424421334	0.9722885121754347	0.5011667773039152	1.0	1.0	1.0
0.7832995779388066	0.9151533374313492	0.30832238310119237	0.7714433027287364	0.9253739951892324	0.2855528057322433	0.6352377422679638	0.8071564432408469	0.17088098347551406	0.9329831148420874	0.9839498395802395	0.5011137687246878	1.0	1.0	1.0
