0.6876517180491787	0.8910538002633612	0.37456004652244973	0.6282472935887248	0.8393942094807638	0.2744296344719857	0.7531094061047975	0.9323442952275471	0.48910263812831206	1.0	1.0	1.0
0.6750614012010597	0.8843394353254685	0.3636763031419137	0.6267985573250274	0.81877266143836	0.2718954349581573	0.7245638644802781	0.9329738935778671	0.45992276548496097	1.0	1.0	1.0
0.7881322753482118	0.8379811696572447	0.3795392103765582	0.7484372809944273	0.7273919099420654	0.26763450938448796	0.8293214852536841	0.9135125105598869	0.5196812894128059	0.0	1.0	1.0
0.7179177685559682	0.8984195148780991	0.37309280363060643	0.66090133593973	0.860650974033627	0.27687839136056713	0.7667939926918476	0.9379376414329264	0.4610493430760953	1.0	1.0	1.0
0.6788828559578647	0.9137722243697312	0.3682641302560339	0.596617983425451	0.8652499025102556	0.25367335607231595	0.7710448119188742	0.9533588778836133	0.48010083482200827	1.0	1.0	1.0
0.780321424662113	0.8317203066854763	0.43621933011084774	0.734357670170889	0.7602577697770301	0.3263642494950013	0.8246099232668346	0.8961994882958995	0.5440633333504046	0.0	0.0	1.0
0.0	0.0	0.0	0.0	0.0	0.0	0.0	0.0	0.0	0.0	0.0	0.0
0.0	0.0	0.0	0.0	0.0	0.0	0.0	0.0	0.0	0.0	0.0	0.0
0.0	0.0	0.0	0.0	0.0	0.0	0.0	0.0	0.0	0.0	0.0	0.0
0.0	0.0	0.0	0.0	0.0	0.0	0.0	0.0	0.0	0.0	0.0	0.0
