0.7215793053865592	0.818568030590179	0.4516212345128751	0.6834922781459427	0.7443189373442292	0.32594834349990803	0.7806098834840361	0.8995834617969857	0.5590789905727606	1.0	0.0	1.0
0.646583271753623	0.924850285961542	0.276899959663138	0.6007680944709921	0.880097085771638	0.1969209584689558	0.7013212869708734	0.9566367570337369	0.3590965380139735	1.0	1.0	0.0
0.7086249390922031	0.9049671799459791	0.4054617291858649	0.6299560765250166	0.8669243448917616	0.3113195388440046	0.7818730072181094	0.9430173700031648	0.5013888447026031	1.0	1.0	1.0
0.674195988756037	0.899170608925474	0.35574239272906866	0.6194330579714692	0.8490596431802708	0.2570931136852752	0.7297529376603894	0.9410712349362464	0.47459468491108636	1.0	1.0	1.0
0.7490844462654235	0.8713052602265321	0.29887520829910874	0.7000214083504099	0.7620566440250806	0.18844776059442608	0.8015929352222585	0.9440678214815775	0.43302966746340477	0.0	1.0	1.0
0.6189656902099533	0.8668651075193278	0.428257280854728	0.5721578062227589	0.8060027185683789	0.3372222518007402	0.670212467660117	0.917768528942324	0.532908472062597	0.0	1.0	1.0
0.7345894190970055	0.9378386633078019	0.3127264693128874	0.6490436823820186	0.9014888148575045	0.2248720798291346	0.8248462864816536	0.9703510809579182	0.4040549103953323	1.0	0.0	1.0
0.6791794651701848	0.8450333957309399	0.35677809847050085	0.6396411212132361	0.7802790205004941	0.2530788510230608	0.7180272453678999	0.9211875388199043	0.4396811047873314	1.0	1.0	1.0
0.6451002933867774	0.9137731024824189	0.3422642877461203	0.5899005366644028	0.8743053938704302	0.2384222737580792	0.7118086193152611	0.9522242227498082	0.43086540100789894	1.0	1.0	1.0
0.7746641830537727	0.877778063082908	0.4290573372338538	0.7144300386498905	0.8276663973585456	0.33127769088291736	0.8342235164497726	0.925786251326583	0.5398077875827748	0.0	1.0	1.0
0.7315042657901585	0.9167261169731392	0.2851524928028689	0.6694568085515633	0.8634291024439545	0.1872235148060406	0.794339286519972	0.9626437482217948	0.3912477370195371	1.0	1.0	1.0
0.6954388689062141	0.8697822318785405	0.4157399854684865	0.6866534089737443	0.8668418553581972	0.40168174057970324	0.7025283537491445	0.8725970330002795	0.4281358398063889	1.0	0.0	0.0
0.6388733634764626	0.8751107601265974	0.4339690192113432	0.5693561427289333	0.8279931780959141	0.3510626689137889	0.7138395830330152	0.9173875483278957	0.5199920447404638	1.0	1.0	1.0
0.6356587380248829	0.9227320237189135	0.3362135091979023	0.5731408555637603	0.8848805435898975	0.2567351454350651	0.7078631109102224	0.9576695537842874	0.4382469863084979	1.0	1.0	1.0
0.6123436253919681	0.7896807869999318	0.48722662765252145	0.5743281365545497	0.6524112544379337	0.3623830129521423	0.6659779043011643	0.8748611655752907	0.6431123588397242	0.0	0.0	1.0
0.7286318682286261	0.8619804960515569	0.4348871690638319	0.681339489180566	0.7592270784537133	0.3083893491376218	0.7719953594185311	0.9271430403654859	0.5884737789486366	1.0	1.0	1.0
0.761190650247235	0.8634070692979954	0.4450528528675739	0.750304576367676	0.8514177601854801	0.4246939274623665	0.7720514005318997	0.8742653842847486	0.4780215879084171	0.0	0.0	0.0
0.7983259799444591	0.9199085754923212	0.28520713283094756	0.7240550637748511	0.8595407939174758	0.1919863020027629	0.8792064251894879	0.9631116323722421	0.4049352496290198	0.0	1.0	1.0
0.7176795862220067	0.7892591772144462	0.3686135448952712	0.6801247550295635	0.6999079361956368	0.2813137115502439	0.7629197310601508	0.8673498512306529	0.4577334961950624	1.0	0.0	1.0
0.6853439224007267	0.9224835753297925	0.2822818183119763	0.662664225752776	0.8994913441341827	0.2290976424923285	0.7026896415974241	0.9495014250404439	0.34036398037190463	1.0	1.0	0.0
0.6523091267015094	0.8950773777329767	0.37491566345622074	0.5999580988730892	0.8147627746814428	0.2754610763739237	0.709649617283587	0.941650534179408	0.5001086279069427	1.0	1.0	1.0
0.6355305110310584	0.9112349343612525	0.2897322089027891	0.5846119334598354	0.8540728857859633	0.1984841047909654	0.6929626087217113	0.9559794498131249	0.3936412317784967	1.0	1.0	1.0
0.6867060456882055	0.8744850292329363	0.37214988117911946	0.6437679878579153	0.8085380885024284	0.27394620133419123	0.7381650787615083	0.9281725329654624	0.4732674652252453	1.0	1.0	1.0
0.7210389500261482	0.8356266858289523	0.4609547723540858	0.6716697779870767	0.7629938924683671	0.3589363545330339	0.767451332316619	0.8958188158934707	0.5767986516559878	1.0	0.0	1.0
0.7163791754330285	0.844469455511739	0.4114383501046867	0.6619354387012893	0.7741816413605486	0.2958489953225784	0.768101120844786	0.9037374018412342	0.5151648142599093	1.0	1.0	1.0
0.6680334115070178	0.9147410228834426	0.3516885107387534	0.5989924091378169	0.8688386470272764	0.23020415545264156	0.7345572636505666	0.9600180177244173	0.48021510210073776	1.0	1.0	1.0
0.7390010149215621	0.8702277502015934	0.4261156153328529	0.6872154868599938	0.8065796541352062	0.3239675754696456	0.8024885670154509	0.9192134006420438	0.5324003502472662	1.0	1.0	1.0
0.7116815303727231	0.8577248641198151	0.3990821600688697	0.7072934835589441	0.8489153271213444	0.3797236878278752	0.716486001447694	0.8693105279651436	0.4166654753826103	0.0	0.0	0.0
0.6712498591573762	0.8886910422510585	0.34914431768049065	0.6112896232263868	0.8380685892993762	0.2426564339727842	0.7383408185428667	0.9389861750732122	0.44993445085769235	1.0	1.0	1.0
0.7405691757908363	0.8515397960052308	0.38052073539530956	0.6987143569298829	0.7768778258529356	0.2819393298239089	0.7826579824900598	0.9135243174439466	0.4811945329627942	0.0	1.0	1.0
0.7338832581603865	0.9268098291098231	0.31776968053537996	0.6704545400816562	0.8891546367856356	0.23615298203718627	0.8064541133030615	0.9557910628532457	0.41252196359799687	1.0	1.0	1.0
0.6655261584316429	0.8932343937313175	0.4167689243664818	0.5985913927384334	0.8463610422192368	0.3285808025818086	0.7297752027366144	0.9304697823433546	0.5204436581537091	1.0	1.0	1.0
0.7701818990767858	0.6864769261475683	0.5825895397661962	0.7325910652131955	0.4808177568604165	0.46604714813219617	0.8081378523269211	0.8256721711750901	0.7363398225582157	0.0	0.0	0.0
0.7615263157298992	0.8735398929038999	0.3554589870915918	0.7167334539912209	0.7045200621381414	0.2561164405275245	0.8203366470104659	0.9358404458086735	0.5628655913019742	0.0	1.0	1.0
0.6377717131146992	0.8536662425210204	0.37994488114296715	0.5854296332297595	0.7706880657599499	0.26520073144342915	0.6959946890197796	0.9248527106729125	0.4869845165991047	1.0	1.0	1.0
0.6359622246286183	0.8633760141833037	0.43094014231015754	0.5880204996767684	0.7943137794711991	0.3291932123270728	0.6859650625684266	0.9212402457798547	0.5427927200192779	0.0	1.0	1.0
0.778064533123267	0.8264490467139094	0.46250589914574175	0.7317930509215977	0.7224005672971223	0.3566329229954033	0.8292337176329143	0.8944846091287156	0.5938257467458754	0.0	0.0	1.0
0.7662951625226118	0.8948795353802736	0.3920797260566237	0.7098913877529868	0.8459205458067829	0.29897637363170626	0.8352938990903827	0.9354654644408422	0.4932666358901081	0.0	1.0	1.0
0.6420099951867706	0.8731274627948405	0.4329095647733319	0.5916470674359515	0.8279030663741188	0.3234603647086972	0.696232455209483	0.9156203286693765	0.5473203344324925	1.0	1.0	1.0
0.6531569719526731	0.8303803578044247	0.43537726084203837	0.6089560258150136	0.7307284940500934	0.3316732190144503	0.699821479944157	0.8959857311164825	0.5512308202960063	1.0	0.0	1.0
0.7379128837291798	0.8469996191656426	0.41699879001240814	0.7014415985485895	0.7747338577490009	0.2987565203150065	0.7745906307665621	0.9182394109525016	0.5522517504163773	0.0	1.0	1.0
0.650655169069657	0.9225830563055901	0.3229895029573097	0.5865508239578691	0.8813750370223924	0.22924922704393663	0.7251029687414678	0.9550225382868571	0.41513295596276617	1.0	1.0	1.0
0.6750798386651206	0.8629179839840831	0.4261103942384948	0.6161468372734022	0.8004021191890717	0.3252466057723415	0.7282674599801576	0.9149953859173812	0.5341972117616027	1.0	1.0	1.0
0.6937520491286592	0.9059264971801055	0.3098767152510475	0.640387097591072	0.8597909101912902	0.22900757914664444	0.757457644815961	0.9485227307227498	0.3977657482843205	1.0	1.0	1.0
0.62164187118017	0.7688357833234793	0.45238191956406526	0.5830625553862423	0.6221057975990371	0.3341011348649726	0.6572543420866689	0.8612222300674871	0.6166630176339576	0.0	0.0	1.0
0.6489845235232324	0.8742680833851451	0.40914655238314734	0.5951369584750344	0.8212709535460497	0.32166669218505434	0.703393649203389	0.9255158538725334	0.5012567847790337	1.0	1.0	1.0
0.7470625923217964	0.8776584579457153	0.38653710722397505	0.6899645172933564	0.7814066923675123	0.27277596887839956	0.806926918774008	0.9377810403728621	0.5128601158808577	1.0	1.0	1.0
0.7473348723390161	0.8894969601606866	0.3933886973312073	0.6809492987779369	0.828242392936264	0.2959809799986445	0.8241445329143263	0.9383814709027303	0.49084326394598105	1.0	1.0	1.0
0.6767309050319771	0.8537955636339177	0.3999964466025811	0.6353131800346142	0.7899967696852874	0.3066823127241173	0.7316265170728913	0.9132693319319296	0.504273334792741	1.0	1.0	1.0
0.6978368946644854	0.9220407878817057	0.30315507176316797	0.6425078316788635	0.8809778973995578	0.21497607180699196	0.7525387757265597	0.9599285601740992	0.3896132763501518	1.0	1.0	1.0
0.6753401215265756	0.8744157109784667	0.3919093915037311	0.6234247482608347	0.8142243243314946	0.2970058413925225	0.7269585109690365	0.9226652083999096	0.4939627015894408	1.0	1.0	1.0
0.6843118336311497	0.9244769506156327	0.2730424187689282	0.6134435227256461	0.8795347390811543	0.17952007880192497	0.7398572307973379	0.9640775343264482	0.36666290829533355	1.0	1.0	1.0
0.7093232481308217	0.8896539626939786	0.3815721667621415	0.6570101680095553	0.8346668693814402	0.29083748783227137	0.774523450394421	0.9390958031527882	0.4850908116300011	1.0	1.0	1.0
0.6138923619834453	0.8713842841392132	0.42274351636748064	0.5610104213835911	0.8227565982751792	0.3165213198850664	0.6669780406124899	0.924057706860358	0.5148564209502012	0.0	1.0	1.0
0.6828268229923611	0.8785736510210574	0.355872245420107	0.6356815258586335	0.8160425359921283	0.26996729574333245	0.7268705043213426	0.9262679983941292	0.4602501956994384	1.0	1.0	1.0
0.743677517146998	0.8543806630169981	0.35163615135214343	0.6945380704583222	0.7815371097194846	0.255430324809377	0.7924540786855564	0.916281391923186	0.45715535806450414	0.0	1.0	1.0
0.6412594737785455	0.8614011453182087	0.4462374326433525	0.5998128393698242	0.8096162077781238	0.3599446959537941	0.6884298312582784	0.9105405264218301	0.5540862709944302	0.0	1.0	1.0
0.6910684493223935	0.7771707315474098	0.45319596466676065	0.6565309646270644	0.7002195308006745	0.357740270272898	0.7335070103294531	0.8423161178330435	0.5481476010590268	1.0	0.0	1.0
0.6875551146957426	0.8752335468185563	0.41369896302569653	0.641461958764949	0.8181448216220655	0.3211627519031325	0.7798963831185645	0.9254944681958566	0.5178731948584576	1.0	1.0	1.0
0.6746869770628972	0.9202317437830762	0.3239203695052852	0.6178326314941163	0.8690598783459225	0.23634867388953407	0.7342031730134627	0.9548281817724583	0.40614424818615336	1.0	1.0	1.0
0.6723278279650726	0.8735248763320967	0.47211146960330486	0.6721292356618239	0.8735248763320962	0.4718218730782582	0.6724813319746455	0.8735248763320962	0.47239855384	0.0	0.0	0.0
0.658048734163259	0.8388293800766276	0.441020741642339	0.6137634029132275	0.7655190980450559	0.34252291580189004	0.703558235464681	0.8991762880475331	0.5554671616579175	1.0	0.0	1.0
0.6960237460797208	0.8838517188164308	0.3428500198694734	0.6343283122027616	0.7859908080995015	0.22787235890723306	0.8315488056429925	0.9453633700135576	0.4804153198777288	1.0	1.0	1.0
0.6715155840956364	0.9578985086414694	0.30611418362196274	0.6621816028488298	0.9571795198571016	0.29739492379443505	0.6792355976911546	0.9586125952539586	0.312928435229849	0.0	0.0	0.0
0.7382464095460589	0.8418434636574899	0.4189762358885748	0.6757389266922299	0.7473536180984255	0.3241102069427768	0.78876079326419	0.9000389327230781	0.5114058930961183	1.0	1.0	1.0
0.7634388829607555	0.9342173142213281	0.29261037073167645	0.7375558009121228	0.9173663020460628	0.24658056126959244	0.7906199761497174	0.9495178405306117	0.34442396498362193	0.0	0.0	0.0
0.5897930269759913	0.8996684706109765	0.36431043479713504	0.5269932650770262	0.8283150616209167	0.25417222891090985	0.6458120358635261	0.9502657435805959	0.4838590933896262	0.0	1.0	1.0
0.6524890330225976	0.8992309132316453	0.35697964682843475	0.5983156412214441	0.8589201954696769	0.2792945715721362	0.7165671440080567	0.9370775304214353	0.446846152102714	1.0	1.0	1.0
0.8046113572050797	0.8710655260312309	0.3624642838232579	0.7624844430002422	0.8248139679552029	0.276862192685938	0.8465788223997682	0.9231579808229353	0.43910420652797194	0.0	1.0	1.0
0.652469120230587	0.7561155373586721	0.6544966874513468	0.652469120230588	0.7561155373586709	0.6544966874513466	0.652469120230588	0.7561155373586709	0.6544966874513466	0.0	0.0	0.0
0.6862262033097686	0.9192296583619755	0.32866116280432656	0.6276043994252426	0.8740959155602154	0.24153413544145716	0.7445875720378032	0.952760226122548	0.42770549568230387	1.0	1.0	1.0
0.7509995707487358	0.8750464436689922	0.38263418240861824	0.6943039814867915	0.8231199785310752	0.2919252293626409	0.8226352813638186	0.9199677470557037	0.4728857257066979	0.0	1.0	1.0
0.7227127361714454	0.9266772709827469	0.3263977535248756	0.6708035033263958	0.8884332532789652	0.2274556387907336	0.7767615905705372	0.9651273025326028	0.42376771047093825	1.0	1.0	1.0
0.6740154032365533	0.8270661354536625	0.4764708696068218	0.6225310939093601	0.7530816655699739	0.3803877779809604	0.7236821468343023	0.8764338792530857	0.5974683795731636	1.0	0.0	0.0
0.692595894646685	0.8450711489097812	0.4104201709351462	0.6374682918164752	0.767464744161947	0.3157467405690316	0.7393958315801219	0.9100459803664644	0.5073400823036989	1.0	1.0	1.0
0.8690015929086001	0.8509901448377316	0.3883226442567462	0.819461607512092	0.7605204823821201	0.2845087782013271	0.9237884855228102	0.9198044489272459	0.5043651454429087	0.0	1.0	1.0
0.655453561122059	0.8707500300526901	0.36554544457353016	0.6092734115646714	0.8074430962280511	0.27305731067066485	0.7087251759548668	0.9217128695375166	0.49493590447107827	1.0	1.0	1.0
0.6520791374293876	0.8679081669629113	0.41364313588033896	0.5863979184773127	0.7962585037960163	0.3237828827226256	0.7316051887784119	0.9141406180820434	0.5330098857549496	1.0	1.0	1.0
0.7138473101572413	0.8896554719437595	0.3640573533253206	0.6627598788408203	0.8327091946067244	0.27725287271146126	0.7713034289092875	0.9358675446060443	0.46396533491167025	1.0	1.0	1.0
0.7377485214718886	0.9043783783601392	0.3036139218741629	0.692444048532182	0.8484612345205566	0.2034810038342234	0.7848428090634925	0.9535642217902944	0.42480789239316846	0.0	1.0	1.0
0.6712011148960328	0.8729298543715022	0.41467036977464533	0.6350652920820478	0.8341658312412827	0.3440846419749377	0.7077439784167342	0.9042726788605706	0.48726457638548953	1.0	1.0	1.0
0.7176499536932481	0.9464014976240046	0.19286612233226016	0.71404012648754	0.9447784260950355	0.18491050868726397	0.7210008530475946	0.9483926235059845	0.19720549459597403	0.0	0.0	0.0
0.7104317388681589	0.952757595538942	0.23986103733648065	0.6240231533783844	0.9131027264381691	0.16943506479801204	0.7897935298687686	0.981093095134675	0.31691175378254255	1.0	0.0	0.0
0.7147873246367314	0.8447546478685454	0.5831411782517605	0.6721753510360656	0.8253223560423295	0.5013195370289614	0.7597891130805366	0.8713273911931093	0.6388458906607065	1.0	0.0	0.0
0.6929041387091837	0.8992189415947092	0.3013427395341856	0.6444323930339124	0.8456353740546866	0.21542126233341446	0.7469930534746383	0.9475121772719464	0.39795119962239267	1.0	1.0	1.0
0.7334980579787838	0.8696482582073783	0.3961662536720828	0.6945835165115396	0.8024866041816011	0.3108554978537262	0.7809696537406606	0.9195868216242813	0.4888634645826625	0.0	1.0	1.0
0.6193519087025691	0.9067833995267861	0.3546359418999941	0.5624566169047218	0.8548770343795404	0.266281181738665	0.681602510250519	0.9456869919316201	0.4572211382126395	0.0	1.0	1.0
0.6707335582453202	0.8675248368862095	0.47459123626821476	0.6146211082783125	0.8129820455400547	0.3625093096554056	0.7377584552578195	0.9245918079827019	0.5844229312197587	1.0	1.0	1.0
0.7656089183307577	0.8724623486696205	0.38381516770218277	0.6927825110116301	0.8128925074651258	0.29101326888672824	0.8153742705363608	0.924313923348142	0.4870288594289268	0.0	1.0	1.0
0.7300054989999276	0.8003481636288469	0.492524001015484	0.7274650379762588	0.7976683715337024	0.48487169474770664	0.7334431279525122	0.8035609874726238	0.5003643424338773	0.0	0.0	0.0
0.6854966526936933	0.8706904426243387	0.49009149570348554	0.6139414134961516	0.8018322566117906	0.3738549006639253	0.7568047069109638	0.9249010603889318	0.6029807386919963	1.0	1.0	0.0
0.7532404297167705	0.898505834617354	0.39125912303084354	0.6900056237310682	0.8544822213674153	0.2986578786498173	0.8259180909054203	0.9451748248917515	0.4980415594626102	1.0	1.0	1.0
0.7215163143181422	0.9514128938037769	0.29562802510855013	0.6027513648525069	0.9183929959854734	0.202946858634069	0.8255759684466507	0.9773309797568797	0.41097211197858047	1.0	0.0	1.0
0.7114155025520101	0.9045499214520494	0.29245365154700875	0.6587323762106365	0.8422346661058233	0.20900507735678692	0.770576066565501	0.9507333795965687	0.3953107181008763	1.0	1.0	1.0
0.7307175307715761	0.8558168951052737	0.406280978160694	0.6756782978078465	0.7784627688552997	0.2994856915982842	0.8023466974853212	0.9181443945965276	0.5199703353842919	1.0	1.0	1.0
0.7130533851446812	0.8744525943474584	0.45957695397124426	0.7128321650278234	0.8744266079724627	0.45942713690757936	0.7131539810808238	0.8744840109216517	0.45979744332791356	0.0	0.0	0.0
0.6902340623272409	0.8992088355836676	0.3863849836090822	0.6336187830234037	0.8488583431260239	0.2744108339928944	0.7976120183433565	0.9464391627979799	0.48312150254446623	1.0	1.0	1.0
0.7117897553663668	0.9203849062069595	0.34402734306651095	0.6303546310924664	0.8724986536862115	0.2529774617763594	0.789955622118672	0.9607722738743258	0.445496825200578	1.0	1.0	1.0
0.6678212070325347	0.9105347973382664	0.38298475167794066	0.5901409679325632	0.8708745143759279	0.28603646124359167	0.7453723524316618	0.9411495716452464	0.4845433703432856	1.0	1.0	1.0
0.6493277506331153	0.8186732410483235	0.4467160068831272	0.597991278047448	0.7381409297445072	0.3371586892270813	0.7077823613788095	0.8928180916544027	0.5676629800157318	1.0	0.0	1.0
0.643910432643224	0.8571655795284299	0.4771634880034565	0.5900919982708787	0.7728177722934616	0.37126597210974627	0.7089916695293808	0.9114160292681571	0.5791145919630382	1.0	1.0	0.0
0.6926968111737725	0.8411597680369587	0.5123697869396088	0.6377603398927091	0.7624786631642307	0.39618841490432277	0.7534573172169042	0.9009877304446715	0.6511712837924487	1.0	1.0	0.0
0.6704952544474677	0.9128206397528137	0.3672766170878804	0.6034237420258091	0.8590233098082087	0.27103779550852003	0.7303978017104208	0.956241129560574	0.49088881959255354	1.0	1.0	1.0
0.6570796049385538	0.8985223452312776	0.37096091085012933	0.5889196957607612	0.8395288741348902	0.2826111230260142	0.7128116287598097	0.9439831394967647	0.4872629956914216	1.0	1.0	1.0
0.6722472929016878	0.8730814233629897	0.41186723986653545	0.6127333885636361	0.8036303472755179	0.31878024936386	0.7423944062850796	0.9215939221599259	0.5314761561140081	1.0	1.0	1.0
0.7189894095619268	0.8873036745276796	0.3897507773224204	0.7159551882181818	0.8849330302511315	0.3848012587028626	0.7212743099635766	0.8898393364278692	0.394416608337998	0.0	0.0	0.0
0.7404337959554002	0.7355088016663192	0.5639607463050583	0.6937773530610419	0.5145137341718038	0.4337598150453985	0.7979839668644939	0.8504340058474301	0.7501602770874768	0.0	0.0	0.0
0.6672558949974137	0.8718596116420868	0.42248196136655725	0.6207477799918875	0.8311616409438669	0.34685615468037695	0.7065674753457634	0.9174801284530502	0.5156019866059556	1.0	1.0	1.0
0.7094512159840478	0.8500172007870233	0.49943487146173077	0.6526405577394867	0.7836620192812039	0.3916291249567009	0.7656374658424772	0.9016978525834017	0.6153807717976807	1.0	1.0	0.0
0.6645512494090255	0.8495078763495734	0.3876398729493337	0.6273897012018349	0.7777493103248432	0.2765807699967168	0.7104411347713246	0.9200415383546775	0.48923336998762773	1.0	1.0	1.0
0.7007473411723726	0.8636450084873477	0.3558024087111419	0.6465756557305605	0.7821745234206331	0.2529054535021263	0.7502867085426367	0.929277325363245	0.4660585885392703	1.0	1.0	1.0
0.6695749673895148	0.8842131474709715	0.3380033253033964	0.6190897545500375	0.8373433670882178	0.2351528018011004	0.7228930601008672	0.9367156020977175	0.42146655143186507	1.0	1.0	1.0
0.661544692739903	0.9122699742341986	0.328401379852542	0.6070660791517057	0.8530213565810425	0.23240579781197807	0.7308995226265131	0.9519955360461531	0.4406400448129317	1.0	1.0	1.0
0.7357548085533472	0.8907930660161584	0.37333822340752226	0.6743344839250984	0.8292861919125141	0.2778293132975479	0.796699582433641	0.933799891439437	0.4939508698413902	1.0	1.0	1.0
0.6852858387070362	0.8658902321547778	0.3930841863999417	0.6317040778285749	0.8035252884516552	0.2662333650031975	0.7414308139936715	0.9240436786390783	0.49088288375670996	1.0	1.0	1.0
0.7441729816664738	0.8876441389963222	0.37530121836083075	0.6747070035202556	0.8357513778832227	0.2867419661719639	0.8142118032368382	0.9363361162646654	0.48271420523202796	1.0	1.0	1.0
0.62156920204446	0.9318843344417659	0.35680067122094805	0.5629801673403259	0.9047825870489067	0.2879850400149397	0.6887032099507955	0.9620835542251379	0.4132298712897942	0.0	0.0	1.0
0.6191187378853019	0.8710510873855964	0.41221522617951406	0.5720620592674353	0.7877176335564456	0.30862475210386564	0.6651414884064317	0.9217701362611154	0.5655807306016702	0.0	1.0	1.0
0.6781541363620979	0.8740170097574557	0.3868536668002044	0.6239471420151732	0.8145522438310733	0.28605873642684315	0.7617443465881385	0.9254573343774696	0.4921509236309244	1.0	1.0	1.0
0.8020580744027147	0.8930233395767857	0.35697225237430463	0.728019620264781	0.8411129561895545	0.2584562369356891	0.887622840072122	0.938861929313051	0.45880649326331446	0.0	1.0	1.0
0.6962837448914921	0.9061851105860451	0.3778367015430888	0.6420321353380587	0.8734599833769461	0.3229545412956503	0.7554629893862126	0.9413551650392817	0.45328890356951224	1.0	1.0	1.0
0.743817711091378	0.9125670610496986	0.2674129614922602	0.6658192334728206	0.8503058980715754	0.15308608670658055	0.8871997491084427	0.9686614566534351	0.37425711998330563	1.0	1.0	1.0
0.653117486232653	0.870144222588209	0.4085635901148116	0.594046101065469	0.8088712415870525	0.31774429324285514	0.7092028330148664	0.9212833539976029	0.5070303942696699	1.0	1.0	1.0
0.6869226877993786	0.9096364881927655	0.3352771267791747	0.6414977845164991	0.8706160367823743	0.2519589518728942	0.7379416593288283	0.9464922156162757	0.41315581408242413	1.0	1.0	1.0
0.6291198908724795	0.8182979751366893	0.527965436620352	0.5996690424626596	0.6056170142832241	0.2557671916922831	0.7413120839147884	0.9785364923037898	0.8709043899938882	1.0	1.0	1.0
0.6477348002076572	0.8916057427063909	0.31473215739290344	0.6093892399525154	0.8337651645148981	0.24063126325971784	0.6895260651794917	0.9326671611030135	0.42935451328878654	0.0	1.0	1.0
0.6540382335127662	0.898476658305945	0.35458625004268923	0.6069683102361806	0.8413945336218718	0.2543194649181947	0.7023441512542385	0.945998471266759	0.44501263241891414	1.0	1.0	1.0
0.688814525446271	0.918998592636077	0.2739888508146461	0.6150376956517114	0.8721298771797383	0.1699757987151131	0.7554936525682276	0.9622482186198877	0.3675750196237896	1.0	1.0	1.0
0.7013589944285964	0.8246719209720145	0.418605107869134	0.6634528066073682	0.7336180172707019	0.31684655956767316	0.7543556003895405	0.8933289108714058	0.5316792027547562	1.0	0.0	1.0
0.6095870568964986	0.8754579605011806	0.35293982685467784	0.5687933464312611	0.8053611766985102	0.2566801934621478	0.6544734678760356	0.9301835963906432	0.4608945211555945	0.0	1.0	1.0
0.7473946980897606	0.8730917323675922	0.4139687169856942	0.682896935690139	0.8019736955046439	0.3117303807528951	0.806962654452218	0.9223513944163602	0.5053826415348114	1.0	1.0	1.0
0.7034780630044167	0.8631584460680816	0.45806604514320787	0.6553223657882553	0.7939361586701579	0.3394379893435554	0.7688179529346774	0.9181695407952594	0.5771656032144403	1.0	1.0	1.0
0.6016125858405881	0.8295126100728756	0.42584504949771473	0.5692992155135276	0.7405552433048519	0.31907476817286384	0.6368406258972226	0.9014696176770032	0.5451197737116117	0.0	1.0	1.0
0.7477305674051713	0.9063785897894556	0.2989699071859088	0.6890047529933199	0.8570942835438693	0.2089260117301674	0.8217360119248573	0.9524434766881356	0.39185684992628406	1.0	1.0	1.0
0.7686508687221794	0.9642642608032006	0.2521896916336461	0.6333724086241265	0.9437537586438064	0.160585343927222	0.9155262049909353	0.9833089311311826	0.3407772905801695	1.0	0.0	0.0
0.7094642654830331	0.8932341969535831	0.3647100710912288	0.6455169599849829	0.8385075990516185	0.2654092660816	0.7718730962018943	0.9428261398241431	0.46695832107477087	1.0	1.0	1.0
0.6348226613838377	0.9045512981442885	0.40705325486640126	0.574573236087263	0.8730222724583129	0.3231526195949531	0.7110563590596447	0.9368743588342273	0.486633449306463	1.0	1.0	1.0
0.6886252411526828	0.8763050947849453	0.39917919556295633	0.6415665059959981	0.8156454397348897	0.30048606885161633	0.7383768400444312	0.9221376407751916	0.5150030416222743	1.0	1.0	1.0
0.6184635012131557	0.9205025362210022	0.3440266472997114	0.5673230553798877	0.8828993061694902	0.2649743851187816	0.6708001762438016	0.9530281655032219	0.4238445243861704	0.0	1.0	1.0
0.651167572562157	0.8728824057377879	0.4391278153754295	0.5929019645781693	0.8099923951829037	0.3448005929825881	0.7016222346044563	0.920481846820439	0.5543799082938773	1.0	1.0	1.0
0.7293486899808598	0.8843406681719385	0.37921578345910995	0.6597481094036945	0.8251672413452853	0.28055828640652436	0.781395949801202	0.9329617192920081	0.4873892821623087	1.0	1.0	1.0
0.6321048995188158	0.874570616818655	0.3854200612835362	0.6254010923895661	0.8720911224404334	0.37803361532590274	0.6392021036337502	0.8792568646460319	0.39002587990417287	0.0	0.0	0.0
0.6993868326115347	0.9032994393775501	0.3241244876222611	0.6388309310536566	0.8467759933301447	0.22454819752616093	0.7721392416785863	0.9516819571753473	0.4172957073348478	1.0	1.0	1.0
0.7297153894330402	0.9117389964148838	0.3130389031135427	0.6725833861139898	0.8663333325058649	0.23642880659829857	0.7918939012151734	0.9489552647242818	0.39836754766379595	1.0	1.0	1.0
0.7071459164930578	0.9318371172179452	0.2948316793784094	0.6598345061921775	0.8961406073470963	0.21779528420666228	0.7830260207813985	0.9644881218374388	0.35274365540954816	1.0	1.0	0.0
0.7622391739079483	0.88373984794881	0.380885470304427	0.6993085120188604	0.8289890670327199	0.2855690958716925	0.8252269773156384	0.9327430970368947	0.4887410233670278	0.0	1.0	1.0
0.6911005517175327	0.8984256739785063	0.34388752003130524	0.6394768911558263	0.8503443683896404	0.24798432758010874	0.743070996620169	0.9409825383754438	0.44790248514282205	1.0	1.0	1.0
0.7948073865407704	0.8216598286710433	0.510773085371915	0.7415008784291451	0.7187957924825016	0.40245770312204227	0.8491805823909141	0.8873953874315682	0.6532914690228816	0.0	0.0	0.0
0.7411647605639523	0.8806452992345308	0.3443920704066346	0.6954869606766962	0.8142398052923093	0.25225943697084763	0.8042603048662449	0.9305176445850927	0.4711445760144132	0.0	1.0	1.0
0.6570075594544851	0.9139048806370421	0.2870236842482644	0.6048643864207227	0.8644354972829076	0.20559289068826533	0.7041515323173859	0.9577538800556706	0.37030582662179073	1.0	1.0	1.0
0.6031231775182071	0.8382641081022568	0.4198535666841664	0.5587824135901883	0.773672109059995	0.3016983104143984	0.6524668254690192	0.9024978597943565	0.5287952798938129	0.0	1.0	1.0
0.7101776785508025	0.8823016553352065	0.36824535122997887	0.6750295495882093	0.8439668893800021	0.3181488190633725	0.7342261983309232	0.9139743848260173	0.42804541199166385	1.0	1.0	1.0
0.7083147437260738	0.859983367837024	0.3728225008366359	0.6724124990884622	0.7863173406047954	0.276725333568683	0.7486964967014973	0.921938745304266	0.46759470858681246	1.0	1.0	1.0
0.711563715058132	0.841888153721939	0.4125001414556449	0.6599510153092119	0.7905000077581131	0.3324429330182578	0.7586893678662094	0.8951397242380618	0.49709723179944026	1.0	0.0	1.0
0.6461689662782685	0.9174679776812742	0.3239207073868696	0.583216529353167	0.8756892684799779	0.24369189969739255	0.7149578976867446	0.9516941306601552	0.41570845508456067	1.0	1.0	1.0
0.6727326678650832	0.9190398309370118	0.3639698513838041	0.615831826187821	0.8858197638694577	0.27474493505702735	0.7221672265142656	0.9523416059300793	0.4719349392423907	1.0	1.0	1.0
0.6677457632135831	0.8749909641768077	0.34970728592931405	0.6310303464487447	0.8108142917789396	0.2564079517586424	0.7148415154166616	0.9292870216283202	0.4561538018373182	1.0	1.0	1.0
0.6747690986989564	0.844186372205505	0.3886052576806095	0.628948082651687	0.7449525896441853	0.2773829031163829	0.7251694448920734	0.9193319637715622	0.5201589725966143	1.0	1.0	1.0
0.6630542066187242	0.9070094019627754	0.3605891748836281	0.6122932518134684	0.8621607483585872	0.27394034905192627	0.7243857233955726	0.946468763525577	0.45438063640452897	1.0	1.0	1.0
0.7903162889386588	0.9011640581085224	0.35087684714106454	0.749458781102109	0.8435238748947597	0.24886526618092472	0.835618036672071	0.9470648692702979	0.486410992793349	0.0	1.0	1.0
0.7286755627935952	0.8153734149656191	0.43582638064070295	0.691697978702465	0.7406890637578822	0.33323333710910863	0.7672828578018737	0.8965744188053648	0.5265666153247887	1.0	0.0	1.0
0.7858395159894581	0.8715758916058018	0.41349991279727577	0.7249686978455105	0.8037537384069392	0.3054498261619485	0.8586574804008521	0.9253682308152171	0.5329354526515327	0.0	1.0	1.0
0.6573025263377988	0.7923710129989574	0.46350983162673615	0.6192136857562679	0.6750030432352532	0.3385531736733292	0.7023567976117289	0.8799301348490549	0.602129554190913	1.0	0.0	1.0
0.6879501615409199	0.8216281248917757	0.42380711142367467	0.6475480937390166	0.6667400173201623	0.29141396585446955	0.7363483194806476	0.9069050407184251	0.5955724225734035	1.0	1.0	1.0
0.719278014289977	0.8657156925869485	0.47006771660970154	0.7192421381048636	0.8657022298082645	0.470011623145439	0.7193531371133245	0.8657411824934782	0.4700962512460673	0.0	0.0	0.0
0.6847420798473534	0.8821265781231843	0.31427604117728536	0.6360468336299736	0.8250183806353248	0.21839086043911493	0.7293577168095151	0.93370963412776	0.4135180187185086	1.0	1.0	1.0
0.7588889958537095	0.8316169504746201	0.4275276853584272	0.7047680940024332	0.7651591644124922	0.3180946027857335	0.8248282475727234	0.9006633522647699	0.5341458401010272	0.0	1.0	1.0
0.715367305757523	0.9149617296401212	0.31726551523728513	0.6507374308365294	0.859569364705929	0.21912953675940627	0.7854867907711987	0.9582996974206697	0.40558101670184	1.0	1.0	1.0
0.7099291971256965	0.8684612158775025	0.4316828397386213	0.6599316836352521	0.8100801477420375	0.34836685715750404	0.7544697445187306	0.917452705368446	0.5264821212013255	1.0	1.0	1.0
0.7126713510357243	0.8357102038608799	0.39379631580559493	0.673024134503596	0.7364987550467761	0.2942216665574493	0.7590535955318605	0.9061217444480659	0.516679271254509	1.0	1.0	1.0
0.6557599979531885	0.8244720183310829	0.4057071090355364	0.6149510851800783	0.7099034730879931	0.3008040580295761	0.7020961567695851	0.9013612166737403	0.5339245003353351	1.0	1.0	1.0
0.6734846032097153	0.7890411069181642	0.45862818583199316	0.6389782119951376	0.6879914531879429	0.3344095759430321	0.7232584125734978	0.8824497316537028	0.5869619589685388	1.0	0.0	1.0
0.7423538229912273	0.9193942964584412	0.3347463720387226	0.6720720162223623	0.8873193683940334	0.25071007446507204	0.8037404738327437	0.9500801998536607	0.43197019077559234	1.0	1.0	1.0
0.6113361701298281	0.8440901427300896	0.4919843896793398	0.5596786758476008	0.7763800128417733	0.3855188009345394	0.668181470342781	0.8971190384711932	0.5917720171627108	0.0	0.0	0.0
0.6542038620778792	0.8385938751536838	0.446861625735483	0.6126990112495762	0.7577409445122139	0.33934585749906254	0.7003468118748448	0.9026425680217628	0.5639830843139518	1.0	1.0	1.0
0.7147091391263118	0.8302549356068719	0.40294453929340157	0.6719763559532885	0.7349493812288772	0.2960222255346132	0.7629713154344444	0.9067357154599548	0.5139349373911697	1.0	1.0	1.0
0.7367775214616207	0.872014363775942	0.40052149131170384	0.6946549943755406	0.8106819664565827	0.2999950411400463	0.7886210297982614	0.9263549689916902	0.5100005658537267	0.0	1.0	1.0
0.6983666785223362	0.8642435958039592	0.38802765672185513	0.6483036019042939	0.7853859085610014	0.2826299395626587	0.7417221269576243	0.9242813415474449	0.5043868592296531	1.0	1.0	1.0
0.7323052604900047	0.8869765907979034	0.3456644117730956	0.666738941596996	0.8109627492590247	0.23720163032950342	0.7860699923786698	0.9446651389762308	0.4696849803940745	1.0	1.0	1.0
0.5746986175587635	0.8055950731505693	0.4885150221881032	0.5368061703159692	0.7176777206690209	0.3917652890509624	0.6138059163110621	0.8734027550330306	0.6048272741224184	0.0	0.0	0.0
0.7315158975185703	0.983596762747754	0.1548878878190061	0.6896960865219658	0.982317634932741	0.1389888126758571	0.7712239315284528	0.9847490352612847	0.17319408689194335	1.0	0.0	0.0
0.6559944777490444	0.8140353895868819	0.5259671802407638	0.606333096470255	0.7469419736484301	0.41881582672257456	0.7074468434129597	0.8771884006290204	0.6319173526337231	1.0	0.0	0.0
0.691674660905609	0.851199184375251	0.4107927891130569	0.6453876486482114	0.7790499422886709	0.3098371183236088	0.7492590014691559	0.9084045815303463	0.525943230292419	1.0	1.0	1.0
0.664209517602736	0.8673337409095344	0.42016508300529837	0.6241019234551299	0.8122772018022731	0.3325532304512947	0.7014924402232371	0.9243286355208412	0.5288918750479012	1.0	1.0	1.0
0.6606486530109964	0.9487857423589908	0.2343636459647437	0.5990628530089304	0.9137841099676605	0.14284988258128006	0.7182292029791487	0.9775057685522841	0.31561582628630297	1.0	0.0	0.0
0.8113760626446008	0.8610576532102218	0.3578505330179306	0.7476469729375592	0.7803348383723432	0.25786793655431234	0.8728372126079643	0.9274808640485385	0.47909557280869514	0.0	1.0	1.0
0.6226730503779222	0.9136200708409025	0.35232486693510034	0.5489492598020373	0.8637438962041216	0.2514534581992821	0.6876038745335359	0.9622035815954348	0.45871958159747256	0.0	1.0	1.0
0.7146420393294902	0.8606327837832397	0.4216593894816448	0.6572359550875247	0.7955101700587692	0.3194619183436843	0.771991903398434	0.912440302568081	0.5235313461400444	1.0	1.0	1.0
0.6814098792198792	0.9007509791710355	0.32668423569058724	0.6227105900363233	0.8410759199433461	0.2415656537988587	0.7338422716521142	0.9445930310768416	0.4368694728062434	1.0	1.0	1.0
0.6508297109277981	0.8786148764990069	0.39943997515212937	0.5996613067067901	0.8099122453193558	0.2978885672564957	0.7154641089182656	0.9303878879347325	0.5156214288285531	1.0	1.0	1.0
0.7139212349209209	0.8298426602494798	0.3695470609098842	0.6668788538836068	0.6930758636645536	0.2524957307100177	0.7648732876422002	0.9200110624598687	0.4861012602119802	1.0	1.0	1.0
0.7040522729866153	0.895851273458609	0.3821103700182399	0.6337792420626367	0.8521828706935486	0.2841792200373563	0.7887444992718491	0.9387169661342598	0.46765308270735473	1.0	1.0	1.0
0.6668137609480002	0.9118566846739227	0.35636246768813945	0.6094690665630976	0.857034091184377	0.2252829187532631	0.7368118340145364	0.9587674667437593	0.4786537105384494	1.0	1.0	1.0
0.6987723225702209	0.9162846653994959	0.30606896586104626	0.6337709573769047	0.8691422087386182	0.20881019202699586	0.7583213504140948	0.959386115829916	0.4072286582153716	1.0	1.0	1.0
0.7324450540489931	0.8764805288016909	0.3679476503069912	0.6801513218691576	0.8079399205939597	0.28029190941660653	0.7887674648681651	0.9274540310891013	0.47711316648089613	1.0	1.0	1.0
0.6794745317711601	0.8213058211001362	0.4010530877023418	0.6316666238514985	0.7204059432271798	0.2959539595225619	0.7243992475683367	0.9022271770719608	0.5144954034803787	1.0	1.0	1.0
0.6373857861976819	0.6925854287228834	0.5770672692739961	0.6086682733384101	0.5225807140123043	0.4451888568508357	0.673269056981901	0.8213654070314304	0.7244398340826304	0.0	0.0	0.0
0.7401302756972911	0.8947480657484289	0.37890777540580833	0.677891158947261	0.8383715960779963	0.28006425253859335	0.8000554878146099	0.9369657272858832	0.48126594824869295	1.0	1.0	1.0
0.7229288265199407	0.8949542074801977	0.27997646311263824	0.6739760749742639	0.8216856226164253	0.17375148173493554	0.7880736512827997	0.9540238152210443	0.3854616250892262	1.0	1.0	1.0
0.7120669854009225	0.8993021732406806	0.3256069148733034	0.6680890994390695	0.8439497379066062	0.24355857470973727	0.7608195487004645	0.9424645365548144	0.42983400919228626	1.0	1.0	1.0
