0.6827069293290812	0.8499270813796066	0.38623881243784414	0.6033839511409209	0.5418157501751507	0.20682579686348465	0.7592900803201166	0.9777460927833073	0.5594007020405567	1.0	1.0	1.0
0.6680383118356703	0.87167939620401	0.36883114111465987	0.5907871750568046	0.7575031859446275	0.24499456173241205	0.7439878242894623	0.9422165833283126	0.5000833496893295	1.0	1.0	1.0
0.770443585387382	0.8552145666868086	0.3603074114869153	0.7040770373457104	0.7199552974920246	0.23928615685212842	0.8458740690590912	0.9344763655542846	0.5218246784351357	0.0	1.0	1.0
0.7389113348215349	0.9057195401334027	0.3510065737041548	0.6251772995382427	0.7771948136527989	0.21749903460210127	0.9343974603316682	0.981040497261673	0.47405537027081973	1.0	1.0	1.0
0.6816909384297521	0.9165788732229345	0.3499632579114515	0.5586637124172442	0.8178629013682324	0.2221444626762069	0.9124420739392463	0.9804617638169668	0.4978682205419988	1.0	1.0	1.0
0.7833163848349107	0.8250515033960372	0.4670892790951708	0.7143228589318908	0.6693918653326195	0.34755483822859007	0.8486778895529458	0.904071280730155	0.6045657075677046	0.0	1.0	1.0
0.0	0.0	0.0	0.0	0.0	0.0	0.0	0.0	0.0	0.0	0.0	0.0
0.0	0.0	0.0	0.0	0.0	0.0	0.0	0.0	0.0	0.0	0.0	0.0
0.0	0.0	0.0	0.0	0.0	0.0	0.0	0.0	0.0	0.0	0.0	0.0
0.0	0.0	0.0	0.0	0.0	0.0	0.0	0.0	0.0	0.0	0.0	0.0
