2.125430758903964	38.055097716912265	489.3135749683554
1.6252061305098617	28.195147281836515	155.84606187781318
1.3459490313349203	24.872658680073044	458.895735014749
0.23385647489077463	85.66974949150341	66659.49322799582
0.823601366682906	15.149332026633619	117.28040607666692
0.5920941297568088	11.254975856616525	121.82096460106644
1.1563444026169745	21.7302634255432	58.93794809554541
-2.7298430821187973	1.2311894687463443	11.679606623912123
-6.511399329454892	1.9552227391764343	21.916167424942117
-10.154846072472692	0.5890089235123108	18.569316893757485
1.3446463356914564	24.563210026187868	347.72417869502186
