0.06574699063922262	0.0011343976162699887	-0.01333533628301814	0.08135973237578542	-0.0011727210413376987	-0.03274514469288997	0.07839428514278968	0.00881145429576502	-0.044846282068667365
-0.06615528882271904	-0.07474521786240707	0.09016684429865657	-0.09508731423416172	-0.1606197037035697	0.16490285365537516	-0.09901268932235074	-0.10400255335744024	0.13655465445147552
0.03335888053198799	-0.07191275372229089	0.03764928786428556	0.03856866409087201	-0.08553080108808953	0.06450622241682041	0.03638852058916664	-0.06454723392745887	0.036786496711744054
-0.048519474339437596	-0.04990767808291874	0.06902737965715733	-0.037271896386314896	-0.1536921092936423	0.19469784118879851	-0.043047381270288065	-0.15674587699849185	0.20404279899180833
0.010214161411467915	-0.20856940245429556	0.018672504356085085	0.02976271035583533	-0.24485703398151615	0.010359813632524084	0.028562672889575147	-0.17455414899519717	-0.0016532133207961541
-0.05875652953774246	0.031113895731276542	-0.07611393216018686	-0.054360513054252935	0.03577468131077011	-0.06679425860659954	-0.06903824674072856	0.04308339632512592	-0.07489305705093757
0.04853559339056157	-0.0025482897587928433	-0.06799665216842737	0.03461177552719852	-0.038179451645654616	-0.07004383175655837	0.03266163707751302	-0.023557045746021688	-0.07798473296007641
0.02803711309078938	-0.03362084583369329	-0.01961035153226992	0.004099361669297474	-0.05424267813314021	0.0172732895103182	0.0005743319715079132	-0.04435856330157606	0.011595426398530284
0.03953998456179919	0.013819634268282255	-0.05318149406068928	0.04852397844660483	-0.011022464283762745	-0.016896649107610073	0.04199030840372253	-0.004724193576107427	-0.02725002393466497
0.009688583096474135	0.05481059346516326	-0.06414516243906454	-0.0018966589094945308	0.03252226951927584	0.029980619576936207	-0.014246306887710891	0.03852694809266899	0.02523696527746566
-0.06506564384594615	-0.016781821350472237	0.0031071310186806533	-0.0663436810317416	-0.056195757257289314	0.04922821988133674	-0.06770172124112095	-0.038162052816095415	0.03465874617219977
0.044826673393603356	-0.05752471901294243	0.018494355033238763	0.04866334428235275	-0.10963217566516692	0.03615334365373474	0.045333448266003495	-0.0440748035427424	0.021543980207436086
0.15791732100381828	0.017772689201795644	-0.07874340644997041	0.044166301509512174	-0.00519030546658672	0.14985227714649363	0.03807886497321178	0.01259969891891588	0.11140265701078456
-0.034662451746217404	-0.05708042666666169	-0.04333956016671331	-0.011227972689134003	-0.17215033214409448	0.10065017012118227	-0.013017675805963358	-0.06176626428685117	0.06522577769390625
-0.10903965076285771	-0.027254257249485936	0.07781677081668359	-0.09065238713820079	-0.00469724510273184	0.08520071719167993	-0.08995143737270617	0.004399563678891161	0.06465382889513083
-0.018717596806086867	0.03677213581566641	-0.08877738496346815	0.005073439222115117	0.014899231608471064	-0.04246432781623727	0.0003390779724776749	0.024854661472215933	-0.06003544052900789
0.06744353226780797	0.0422162818195253	-0.20417327586003545	0.020844341961838708	0.02612993458501811	-0.1477678217265926	0.017896656843991332	0.03847551401936722	-0.16985850321581472
-0.09155224468106238	-0.07062802863746753	0.13451967551426747	-0.1024284976498725	-0.13936092949007495	0.25260444681732375	-0.10373611489118206	-0.10769631374017508	0.21088234625764657
-0.05116602372705226	0.019794707246358345	0.024782179143340077	-0.09610204179942539	0.029743147114926982	0.036829335186294054	-0.11398588134305643	0.03969102016377002	0.023020447799843802
0.06696380974819771	0.02688479733121918	-0.029670499985997023	0.03503753853185754	0.0032504396795677293	-0.004291817873485926	0.03356600348445271	0.012910659092681298	-0.009247732405231246
-0.04214600415717695	0.015909449581436363	-0.0038290204010223428	-0.028471282616070792	-0.024279391188568478	0.04805239916711912	-0.035146331739771663	-0.009092364639428419	0.03849644995600543
-0.14007995062258805	-0.016264700451839587	0.019585597013922373	-0.10560837126297362	-0.0373483894579385	0.004186641769737098	-0.10795891295142623	-0.013111510681149796	-0.012813313825818573
0.06021832323637266	-0.006182509100878697	0.019919162716198757	0.05822272484998392	-0.038097195249470084	0.06069136762756644	0.051741034180940226	-0.024886695112824264	0.041965340473819834
0.05793290366979453	-0.05466991797515053	0.11901047997684894	0.03403186787259216	-0.04372929153399341	0.1008073951945786	0.026936525253739685	-0.03787756970744438	0.09266362209480622
-0.13166425868814902	-0.08961012546036229	-0.026963490076628294	-0.1293223508352238	-0.25332628258710055	0.03414321786988295	-0.13283620023223874	-0.19779528649529687	0.03155154813363775
-0.04866809498806701	0.021030446923025248	-0.02567063692543453	-0.010911155571385445	0.020184861195868486	0.020610745469880953	-0.02588904998534025	0.02648561634315383	0.013013325877438142
-0.07869981547896732	-0.005145184692995075	0.09086987733387664	-0.07854951001344979	-0.039775378120577076	0.14940699596919493	-0.08322818611142224	-0.030455655624147204	0.13753329099307554
0.06180920228833664	-0.060439006310097465	0.10404993693393011	0.03900922303987364	-0.1385636379513724	0.21076482023986676	0.03547021419797458	-0.12513963796953453	0.1974731537600546
-0.016867741894131538	-0.0638459861303472	0.1798023261785735	-0.013080256736307194	-0.08184759302503375	0.21090196395605965	-0.016201680865556067	-0.07477658043816204	0.20111275214114843
0.0018030547431625576	-0.142350584124754	0.007812685950378095	0.048729720383723585	-0.11577875448525576	-0.041821583945603535	0.04384797314281286	-0.028120945723581925	-0.0869103817830067
-0.021793615645667952	-0.025103625319224165	0.10155066337227975	-0.025094260207306207	-0.04743679118647193	0.1020151371933502	-0.03052073568527991	-0.03849009866528896	0.0956520022305371
0.09017513580636216	-0.15293905755469328	0.11178027359856507	0.09789347730723641	-0.19035459262656862	0.13465516523676963	0.09271750967752967	-0.17099598129191496	0.13017555874829778
-0.04818846062022808	-0.038333641711436495	0.1551537849916108	-0.0363934342864668	-0.06401808201982762	0.1729885769353665	-0.03973099387765544	-0.05781532803693501	0.16388437383255783
-0.0226003848288866	-0.016148115975030297	0.0899446088093151	-0.008713777299416137	-0.015795553102521454	0.06716859071355397	-0.017961480851382605	-0.009376626125685905	0.06531446148327191
-0.04168347105707959	-0.02104182496970164	0.10295981596717374	-0.03826056030981162	-0.055133733253492356	0.14565372040008373	-0.04530876398917871	-0.051099292757533665	0.13300869225393108
0.0784530837542543	-0.15438842520986096	0.17854351397032664	0.08394657179294318	-0.183402022412545	0.20037957745097779	0.0808760795376986	-0.1669582408542506	0.19335518541951469
0.005789975696914751	-0.08900651921244696	-0.06173848803213755	0.012213983004131568	-0.14469080812963075	-0.047692218253145124	0.009241203512350027	-0.09368817793310524	-0.06034653239030208
-0.07287024606472203	-0.019372375083989035	0.09675395545334253	-0.07538199608568663	-0.022007287388568275	0.1776259117328045	-0.07823201832378901	-0.02094298293307717	0.14406252874579728
0.030396047810233418	-0.12733981287314433	0.1800534227018814	0.016900234216478127	-0.16125529916621484	0.25086333357858315	0.011157558049972982	-0.15274273388319604	0.2354100876894495
0.055803066891893294	-0.01923759403819869	0.012999256391183767	0.0557696166219257	-0.05873846808850669	0.04540676444630881	0.050922582902453994	-0.041878325367925684	0.037704333266676215
-0.017351770798582078	0.02443305131214002	0.025632884832659242	0.009027264257610024	0.013109968799163818	0.022585083379777493	0.002693421595992729	0.01814903693232528	0.02331749844951697
-0.046911317310605494	-0.13990710738735113	0.24039041379439174	-0.0430581123310837	-0.1655429378060571	0.297860119365418	-0.04943522443255122	-0.1554358894193697	0.2861274908148357
-0.03555746287071582	-0.16760064646918782	0.28692377844460304	-0.04445100866852569	-0.2089692695514882	0.32676473248241256	-0.04642225183293891	-0.1933738956858052	0.31436498855729
-0.04162735173240939	-0.0436019830013723	0.08474633196744868	-0.05616696986321512	-0.130077488626139	0.20819429276812884	-0.06433167862805567	-0.10260794398019801	0.19206224575400443
-0.010133006069733108	-0.03755867824028247	-0.023739955922970624	-0.01608300734156609	-0.15980392615429684	0.062045341458147996	-0.01887169209023354	-0.10748711794947796	0.03992028697865757
0.01079338206878755	-0.0796926414587451	0.08772074877487657	0.05550189567286978	-0.13389785465956305	0.1066885646058065	0.05221525594663179	-0.10394275435083633	0.09371463528240975
0.010233587157048585	0.033339355757263656	-0.09167285286502341	0.015116429127971176	0.0032033699933489146	-0.013567905943912495	0.010465505420808596	0.009892604078083012	-0.01727824613572526
0.03957930666206644	0.04092048026425177	-0.19685592549821584	-0.3844196448147322	-0.04178952779408951	1.4608552388714424	-0.578596415850363	-0.0430189690159567	2.0511722389576477
0.012170058875489387	0.06244586522451279	-0.11587217788295548	0.03511890821437469	0.057921744963746136	-0.10350264834349182	0.01773811132701064	0.062250699492035766	-0.10795363300411509
-0.05635296176327176	0.03841391931758997	0.004828443330429033	-0.058967634469576646	0.04812058840713329	0.0045582040767379595	-0.06923327679856883	0.050226694794821114	-0.00017511156828015073
0.06000209686610625	-0.029530322600121783	0.1117701583856811	0.07435512679065803	-0.026031005826557152	0.09961512164640668	0.06562108840667813	-0.019395543518316738	0.08805881173426922
0.06733862720570516	-0.012406513034181277	-0.043658524653121755	0.06498382620886822	-0.09003537450465082	0.06295249291344185	0.0556344337409469	-0.06318319259717764	0.030332109311339228
0.12597905959021016	0.006792718644646478	-0.054301511429407645	0.11337856471152663	-0.031265975993012396	-0.008794987703819146	0.10984753000774494	-0.015212083276012978	-0.029281628252305902
-0.08662920784865569	0.025026600141297095	-0.015534660016848778	-0.10898862322390523	-0.001609293420456348	0.04683860898188491	-0.11355448723093031	0.010417293115458137	0.02974904080598495
0.03739715931268017	0.01810167761619763	-0.02865792565375691	0.03244365723866438	-0.015415377303797495	0.02619061295496805	0.031014282964302753	-0.00389853647260463	0.019053666230816946
-0.10655381554062959	-0.08843504888020282	0.14833460564194823	-0.11712768998945466	-0.16756596708245086	0.26535569389410063	-0.12141080367090129	-0.1551457316170377	0.25648177342429923
-0.06336044679337738	-0.030296696213256036	0.005707701261179088	-0.042281987895121276	-0.03887129073920148	0.027476600954704333	-0.046193057578262975	-0.03018026800496998	0.023172161364391042
-0.07401980379808704	-0.0039336632657833714	-0.04500967003838757	-0.03697232934026651	-0.12563270800129178	-0.02996739787442443	-0.0384592125687333	-0.03803581757238639	-0.043025928838162086
-0.02081458504961431	0.0063718057556613195	-0.024015605383627847	-0.003471803957613595	-0.017457201727855698	0.02302735069317302	-0.015742208075007258	-0.00874880567475278	0.0175476080121873
-0.11940200182271077	-0.009469250404167129	-0.03369537302964376	-0.06150403464139964	-0.001352784336852375	-0.01632620833230125	-0.06251257197310234	0.0012308343878799644	-0.019852655621672155
-0.038466267338053695	-0.3742733470896993	0.16824313119417955	-0.0736175205294256	-0.4618695792945868	0.213038374285616	-0.07787170006124255	-0.46440737991876846	0.224806127831492
0.004505645189557872	-0.027734679101513504	-0.01955467388551596	0.007337996981531036	-0.056386021200734104	0.036801700170533636	0.0006083957891673819	-0.04591730817321016	0.02755866024076037
0.07336462741842575	-0.04738240891396639	0.13242763494461696	0.0675085850918391	-0.10004039326559233	0.179118480556007	0.06763632816968568	-0.06954415408353387	0.16447753102161256
0.05096796374837087	-0.04148667796730199	0.07552449379940834	0.06226139052026014	-0.022883906559886924	0.0961766716143368	0.05924697047998784	-0.020735315371352647	0.08045474585015933
0.026429255533008456	0.0048906429198734	-0.03136218675676811	0.04281883042565815	-0.053836954429251294	0.045835323383298654	0.037137435234201766	-0.027387033585112186	0.022884370514066887
0.02653928638933245	-0.019393554877248587	0.11538627083630565	0.041399079187037335	-0.04126006627509371	0.2025801175458123	0.03753622681947044	-0.03719142752595306	0.18354569895579798
-0.6366874489879158	-0.04146910911132817	2.179991842625194	-0.6129691777202542	-0.02016930939229533	1.9175110546587284	-0.6394117208786546	-0.014871883758698412	1.937976556511471
-0.13035140871475903	-0.005950661807217927	0.04874688863617438	-0.14598884167204906	-0.0297343261529186	0.16421720350911273	-0.15059217902663846	-0.013096359510630151	0.15681078541031068
-0.016991015078713256	-0.008551717757298127	0.02353185508194694	-0.013723051693933175	-0.02501522585854632	0.05580390903801674	-0.02296525555823936	-0.014096905069243215	0.04335246838077905
-0.034406146097650914	-0.09585107515348001	0.08507486688230836	-0.011754794199914098	-0.15101930319229817	0.12609505914394809	-0.014409329452974129	-0.12528189723338057	0.11680461824721827
-0.08486278365960254	-0.03870479114069425	0.16132874760941152	-0.06376004078541009	-0.04650396776637988	0.14432109519482283	-0.06816467322690767	-0.040220091493602395	0.13625552749413639
0.20883021760139908	-0.014832563040029334	-0.01887309296239381	0.22237367324810675	-0.072317326361923	0.02280576482307428	0.21541535619530516	-0.0066826182605074225	-0.034718881211370956
0.07467905485113002	-0.40241870924863893	0.21052365522825456	0.07149481277847025	-0.41234890049614115	0.22307357893931767	0.07024452133908388	-0.4152110104493893	0.23285131262318126
-0.028915415366782216	-0.07516671101313632	0.10254146506044615	-0.03090020852059905	-0.10806987467094398	0.12636647432675968	-0.03715050796755215	-0.09776304361242594	0.11528926897559438
-0.05196998380884488	-0.04785875288946895	-0.09384772597461716	-0.02741323545427976	-0.10728215358984061	-0.08875263011652545	-0.02782944393665543	-0.050979050106765844	-0.10178514513126191
-0.03233496826555782	-0.05547112080844718	0.03284683261595395	-0.030609594899681625	-0.10605161560279097	0.08512768969842432	-0.033248606820660886	-0.08829702282255014	0.07079841323186642
-0.011388898735081199	-0.05612038510551631	0.0862665763685308	0.0035214525430172783	-0.0693498460173021	0.11450263408041267	-0.0031851864924801188	-0.06136703259948184	0.10902627168557516
-0.11237747517562124	-0.006092382616175729	-0.07871631978115001	-0.12845659222029726	-0.04598620489722083	0.009256798282064604	-0.13373929369776716	-0.032836020557665546	-0.0006776362439860906
0.06984927541107866	-0.0875581665269346	0.027860449618731242	0.06579784387447118	-0.11809990058525044	0.06054479148197345	0.06363876479287833	-0.10204943098874009	0.05192796007958467
-0.06014958195679454	-0.03301957058278804	0.09371187829957467	-0.051736896707061164	-0.05093172403610913	0.10576545338376703	-0.059714413589948556	-0.041671352960851005	0.09582406748122174
-0.05695460051535173	0.03134958175974356	-0.10648203804280248	-0.04351288463050296	0.0253131256635023	-0.10205068070725354	-0.05216173375510191	0.03294733119881299	-0.10580347081982938
0.041279576992768074	-0.020111426830662804	-0.0289785519660839	0.04374884894498876	-0.0696916101251912	0.0458628473451117	0.041802590120761485	-0.04687343286949808	0.03046724970028869
-0.08258161997304847	-0.03566226710338771	0.19588677690578116	-0.06879074178930988	-0.0422715891240204	0.17281286784705174	-0.07338402528649002	-0.04042816469005217	0.16860206311121184
0.03520658600960036	0.03984965688098663	-0.05443557181036035	0.05258330620653684	0.02414316218931234	-0.029470722360623647	0.0512677832481907	0.03059688272493677	-0.035796357722361116
0.05950181994070303	-0.003227434078512448	0.01737755978635147	0.029379816206921983	0.0015174333154196473	0.056639220655996025	0.016521849858273874	0.008677437681756328	0.04861704410325707
0.005872927550694462	-0.06200485754519369	0.08286097951254229	0.008291265577578089	-0.10761827564383242	0.11894986566987148	0.004222706232564932	-0.08432519472041389	0.10637528154615616
0.011168593495131662	0.01566488748135697	-0.02449577340842163	0.013769359342430287	-0.016023553572712568	0.030370281756648743	0.008682454052491906	-0.0007954198728598039	0.022303218356971077
0.007889437723131998	-0.21258457046957413	0.217587374476935	0.0018994562583405372	-0.3006472013436685	0.2570534444075917	-0.000333791931184102	-0.23794043322935166	0.24034384414053978
-0.023622441435945385	-0.023034009628604357	0.048346714029525284	-0.009129175795558386	-0.02923468737100332	0.05432920558075316	-0.025884876554460257	-0.016264872523978124	0.05555444944042742
0.05718937840623106	-0.031218993810020135	-0.01636978323276017	0.04728483631595437	-0.06846724676562266	0.031571025160099186	0.04225321764826706	-0.04598752868510736	0.021859060493250593
-0.11744727367054719	-0.1123720289397313	0.1502763568263945	-0.09971602175119287	-0.10805310328907702	0.09784862992489035	-0.10184291910064736	-0.09582882781557955	0.09168692984871096
-0.11956422333033889	0.05976914961152524	-0.053218669010477226	-0.14008526147042633	0.04909692497843987	0.022888349148541376	-0.15152343061690432	0.05106708256687653	0.008444573738614514
-0.0016773646932140007	-0.11049009646571106	0.02300176047523489	0.009065796195469544	-0.22852523589753693	0.06701051218056603	0.006285413923071248	-0.18381912852990756	0.041409032120469424
0.038698318745401195	-0.05485354459068281	0.20384610342857457	0.08089076411710305	-0.012086183161999497	0.08231289760945948	0.0764405755380877	0.005481365630591206	0.068173158332822
0.034166442416081244	0.044778944542876675	-0.11275752742588063	0.030148678971556597	0.033108306999082404	-0.08550556732233844	0.023274355898732724	0.03903034114978132	-0.09712671004053691
-0.08889886319004847	-0.04899888233663385	0.08564444499319518	-0.10896044058076115	-0.09100633956729964	0.15266032116841388	-0.11617225381683094	-0.07029037355378354	0.13438118786918285
-0.004534524621569225	0.028239648487315083	-0.1963718747727498	0.03055285916974171	0.02670012469595895	-0.12464457672543339	0.02643359578945237	0.030289090441969813	-0.12347270458620174
-0.006782496180669839	-0.01335830057857268	0.021215409279413622	0.0011449420909462882	-0.03756296807968684	0.06385807163729379	-0.0051144479771720874	-0.024822046006609977	0.049901891817392796
0.105929314140211	-0.17037610662525393	0.13254341451882717	0.0917368613536177	-0.13979364020168972	0.15548402801743433	0.08992704515173844	-0.12374016685422518	0.14737841151828301
0.05471110852319605	-0.0018347874605094683	0.050315168476626315	0.07510001916486164	0.0026718786535256944	0.0610965758181401	0.05823309933295395	0.007479607336929095	0.06246640324262165
-0.035755065780178175	0.016196879518526774	-0.09055467702615161	-0.030158542925551424	-0.006720934991993777	-0.0770564829512127	-0.03116971969558624	0.004000371255540536	-0.07959023065780901
-0.10281997644772256	-0.024920359594844177	-0.07141137713392098	-0.09371067790027143	-0.09855787308907005	-0.05018910885865041	-0.0957860327534944	-0.04670042810032893	-0.06335399131526254
0.02725003982355856	-0.012321884135422567	0.04466565070649603	0.020403731155639537	-0.047001538586370906	0.10672871217858615	0.01612503805988985	-0.025274543651131354	0.09179056449099515
0.05674121901470497	0.0033235709048367035	0.09123344378018572	0.06055221603869487	-0.03667520792879653	0.16379199750194184	0.051731197219636704	-0.022113555272231356	0.14295024981532733
0.03996723703477001	-0.05929925089175936	0.02939360533765628	0.03868451988213539	-0.10584690492898019	0.06582334121616445	0.0315136513485017	-0.08163679751780517	0.05605091527219336
-0.011355146247778225	-0.030855736281394375	0.015885136022252166	-0.015192545974620275	-0.16691063237297898	0.14610646047336362	-0.01663566813912376	-0.13297662252572728	0.12795374969123324
0.03499053495657467	-0.03777813301027799	0.030360358748599103	0.05014488884636814	-0.06914417986625343	0.0816355981199115	0.039098836164260686	-0.058740830086317586	0.07802728870750697
0.11245549175183	-0.016231939429115716	0.05901931014682882	0.15811769653287133	-0.050332861560823394	0.08339921869909817	0.15551293430512347	-0.03146841553508395	0.07560190886621138
-0.060500352534475166	-0.08115028424239434	0.11573081497862248	-0.06840565739272098	-0.13502624521866302	0.1814178186790063	-0.07229446636318615	-0.1109894669157313	0.16235798381527022
-0.020236360514630514	-0.03317680712440085	0.010086366323548368	-0.009962675444301627	-0.12334795106617025	0.0863728025547047	-0.0128054975240387	-0.03422454370325034	0.051423414866843986
-0.07894428588043656	-0.1363485749558202	0.1727215479303179	-0.08969605647268586	-0.14471986865097408	0.29440766784015204	-0.09140160340487669	-0.13723621601018898	0.2873067363394166
0.10156829910098542	-0.03437126620384179	0.03537795766219526	0.08442169930902355	-0.062082749664770565	0.05144854384245351	0.07965994105522223	-0.04698486002924407	0.03636349562670982
0.1345737726653089	0.033732969481145014	-0.026642709013331267	0.14191447174886196	0.027275016131661722	-0.004021696977981326	0.1275508341493915	0.033338373890781425	-0.014137605986991375
-0.030727549621966554	-0.017147711241817465	-0.06104588272495948	0.011071276597787616	-0.08392405481876808	0.000328295360347286	0.0022303502216917126	-0.05568275041467052	-0.0032943436685611838
-0.0735274737344842	0.035509576045944735	-0.06905725720081507	-0.07536567097051228	0.017303506913997624	-0.016985180700649805	-0.07960984571983132	0.02566410743620795	-0.027004311972841588
-0.01275184862554335	0.03969745691912496	0.025858065206696534	0.01949184140589899	0.025005360356998296	0.08432629522270213	0.0005941981735819724	0.02829791013814198	0.08041750004967663
0.024040847715177338	-0.05390021728514316	0.0685291907468854	0.0337348570110616	-0.06400096995094384	0.06405934734225271	0.031222020810520057	-0.03700827405432172	0.057745069881889655
0.025566388070242696	-0.01974116526523506	-0.00624974386173216	0.02598762130003851	-0.03778456091751137	0.019399347627660435	0.0233369922485418	-0.020343842171433146	0.013355445624272044
-0.03662035963929289	0.03322519417985825	-0.06216338637141999	-0.008401012796406815	0.011493714840586478	0.004298869817659534	-0.007511923315046687	0.02723064618518123	-0.007099966968271532
0.03484461878273348	-0.02743102408210074	0.17358890835590113	0.04165337974033145	-0.039596209523759196	0.19967768996867297	0.03763460194884538	-0.029879276261498222	0.190215735489218
0.003922316662566705	0.036627566283726876	-0.13067974140307728	0.046826203383714904	-0.0640066745279877	-0.11020737453292023	0.03462281898224251	0.018403715644730312	-0.11013841264790819
-0.021272448777016173	-0.03008047371475564	0.02523754305107767	-0.043824193764944175	-0.053536756940761876	0.056819805405882495	-0.04776922975147224	-0.0389146546203728	0.038351611013084486
-0.04820385996618859	-0.2828357428398143	0.005266206751688651	-0.053764952489602225	-0.36486428636914603	0.04773771640773722	-0.054866337186809444	-0.341621776929278	0.05146288931622578
-0.06115990252516712	-0.02212364253568322	-0.00047880547698719855	-0.07455271995812296	-0.048410824139968445	0.06112168310159771	-0.07993852050919359	-0.034245885167088264	0.03293464230982984
0.018183768464350214	0.026923067371467213	0.012435229315805874	0.043409265286714405	0.03208859337616998	0.009189033604027286	0.033533686295710186	0.035794348158249556	0.0022914762382817977
-0.08448420947884616	0.004468399738303042	0.01063665573414918	-0.06739022354113011	-0.0193469807469413	0.04373218037323662	-0.07322408122853707	-0.002683304132733877	0.051274142928751154
0.018898563626721265	-0.05330457782165954	-0.07087677362140937	0.015754261754757803	-0.1282721936468646	-0.026705770609638635	0.012211422536191341	-0.0759271272585228	-0.04373293902565467
0.04471535127160353	-0.08035070250976584	0.001751535574859242	0.0335348374343466	-0.11514256589944138	0.009994524111657799	0.028086388947736296	-0.07649613517967502	-0.014479079734657563
-0.07499433028095992	-0.01947160420129712	0.01612789749395943	-0.08602284309044561	-0.05839255112072128	0.06821378086478158	-0.08911006682620182	-0.031314492775523894	0.054498519676173585
0.011166901566064813	0.04222190782754065	-0.13808006886236307	-0.029127495454118524	-0.01507805995794309	-0.06982161527823927	-0.028946316622534995	0.013090586904435764	-0.0874065592724016
0.18256522945654818	-0.017579026996705216	-0.056454049035568166	0.2055454527806434	-0.11887899962777915	-0.030431651671638693	0.20552962935063945	-0.05299196687283203	-0.048257724161950566
-0.07235250909009494	-0.038991849650178545	0.060157198252524025	-0.06227474823618262	-0.08709349512800546	0.09422703872449162	-0.06717383803481713	-0.0629307753545435	0.08830113885979729
0.04613881550965904	-0.061477327107258284	0.0010022117532606512	0.06297075002676422	-0.10629532552529242	0.019932841446945293	0.060714927380672856	-0.03105524143047167	-0.02140619856035464
-0.05863041900562893	0.028712812504190666	-0.029236072255912127	-0.06843442824168033	0.017272599171015535	-0.016540890771628458	-0.07914313672118034	0.02207014152682163	-0.01659513056972095
-0.03512809518204085	-0.045125770256518094	0.16748366311285723	-0.010191215594648306	-0.09155708097238935	0.21226692304675399	-0.018676828250203226	-0.05765085048387808	0.19549007000631036
-0.03229769443470554	-0.054368774737046266	0.10802563286628836	-0.02670604651871311	-0.05968053831385989	0.12273884530779144	-0.03231954120017988	-0.050269285376610684	0.11681110619344992
0.036169205516281555	-0.07266894719573014	0.07601369093183252	0.004001237820899561	-0.1054903706736795	0.12551194184828868	-0.0004139586911855453	-0.08676239472033365	0.12413089061285276
0.027699190494375414	-0.3747051854824546	0.2599917829010402	-0.038439239921498114	-0.3674307651229849	0.5553098028960227	0.021450944221058976	-0.3693109072824837	0.30044153334606627
0.014575028091404096	0.008041088248306405	-0.021491856648425123	0.003356697344475079	0.003051735288712165	-0.018614254327309898	-0.005428301066307539	0.00982267823216365	-0.02321180972376874
-0.11130423904970432	0.01736250187442312	-0.006841063648443058	-0.08380129302691985	0.00767125062288776	0.01658226646599964	-0.09761252087922712	0.013005866770518293	0.008508031312455921
-0.07642088856271312	-0.08174257022653753	0.13378931249555326	-0.02548505542605095	-0.13754855486318263	0.2713939883572205	-0.029565791770153727	-0.09989156832891155	0.1937002963985095
0.016492327769000448	-0.11148591399000352	0.012967735358899779	0.013447288421865156	-0.07010683169481857	-0.011332513679667644	0.0105795942847422	-0.028961553093172054	-0.029334711782053935
0.006174798502242229	-0.015392317135099698	-0.006734114956347903	0.012857240387025515	-0.035688417325659194	0.012499705006861872	0.003987429708580015	-0.021239146926040342	0.004416884607501004
-0.07202383562062553	-0.0037139564404332637	-0.04807998276378961	-0.06314715031321994	-0.024133154306147264	-0.027397517524524573	-0.06898922132989316	-0.01062969493728827	-0.047413938348756623
-0.04496799325040335	-0.03526013528553307	0.12303252751314137	-0.035438773173837035	-0.03129313255974697	0.11960749448952468	-0.043585660168534934	-0.024368708179671517	0.11354321741491236
0.06270799346262568	0.027021740234188907	-0.12560600640413846	0.0762797329955538	0.029216526896138073	-0.12258784836113834	0.07298637884948012	0.033178949276983394	-0.12706569575138518
-0.02372498438576698	0.06884442477330321	-0.18214781004959146	-0.0597421618266053	0.04982982008945225	-0.1336425303509344	-0.07027331925998725	0.054985725644465244	-0.13944228290077923
0.03764193737088595	0.022302684069840817	-0.05428250032368914	0.036528008715335236	0.012043870273496626	-0.005164965533773047	0.0279457552660336	0.023691649570898643	-0.021483318036090493
-0.004776123895549267	0.028628499219013448	-0.09933940794384721	0.054749561447769324	-0.19274127826758436	-0.038717966857482355	0.03850031623796557	0.017874216739826032	-0.08951011003185638
0.04606081916137761	0.046548370838098596	-0.11282773421466996	0.056156862225113735	0.028462653799832482	-0.07141495051866731	0.0389239590648669	0.033807051514676334	-0.07959294857209698
-0.002308367790405663	-0.08695985553790386	0.06811641335133861	0.05032266337525426	-0.04722349776105961	0.06092644467416852	0.04870953484612173	-0.04024126659483651	0.03463354991804668
-0.13431697527040132	-0.0655036143361638	-0.10285039665246254	0.08162902009491635	0.0017541442247824834	0.029891063232961146	0.07744701302448831	0.005314465125550005	0.018531872921798864
0.031226074397025738	0.04031925659768709	-0.12242549538762887	-0.013282060578828636	0.03349671033303592	0.12094409138579987	0.03637005084623546	0.039428683425060895	-0.09461455030909327
0.02933042312364964	0.02470758889919411	-0.004270510621786405	0.03693666731591194	0.012055957872448397	0.03195815027722959	0.02704619722712609	0.019648932780600425	0.020974206463747647
0.004675506221170633	-0.2720060948519335	0.22040975073281766	-0.030318654671156575	-0.3319162867385096	0.472640101013743	-0.0005439778848992383	-0.28928533056075345	0.27491711802770447
0.11830861278155835	0.04523287381849761	-0.05695286428347335	0.19715313537372314	0.031923207325931124	-0.05442723523601084	0.18000842448838905	0.038526157503676606	-0.062387343962626296
-0.0569079704812645	0.03820162615217393	-0.13842338781325778	-0.04915771092726906	-0.026872071523370455	0.037986597835456104	-0.05833406978115763	-0.015244850804077226	0.012682232790848624
0.03955857443444155	-0.053275182362335416	0.17827624275111353	0.05705169633872109	-0.08136086588555469	0.23601967005804725	0.05123764557469024	-0.0624387983035698	0.2257680735424863
0.04512287099930934	-0.03008231500682934	0.08414465722307263	0.0676555621623589	-0.043188139359656486	0.09063123359148872	0.06568729322750722	-0.02803813290160817	0.08502698180393664
-0.07347979364985024	0.06041456609944895	-0.1465110130112439	-0.0782469608990819	0.05713069164493101	-0.1446272350208658	-0.09603894287876014	0.06081235292956633	-0.1451924966123699
-0.019407266042429705	-0.04061140268073227	0.11024575805827386	-0.014214580024307977	-0.05832901119595002	0.11886018155229816	-0.02103435646231666	-0.03991701706350792	0.11053957429149297
-0.09925440697778698	-0.025743735963570047	0.06705881431733329	-0.09328845473987557	-0.029712046920457147	0.0856316251391046	-0.10105234106657601	-0.02387615890650885	0.07081069330441003
-0.10392551774515679	-0.04434124715937682	0.05441819069257964	-0.10268486594755422	-0.05691490544988809	0.09962568580393094	-0.10537419923196989	-0.04002290571097611	0.07560739265871941
-0.019850344676908716	-0.03736775852453411	-1.4618730034665628e-5	-0.012772653170569304	-0.08185817909536419	0.04071552084489066	-0.014771908049540428	-0.07727383883891181	0.0270971158781253
0.07190035053832111	-0.011446131765695866	0.01451448303754288	0.07755068373597207	-0.03256505030605461	0.014275120699702104	0.07216029914805966	-0.02312992012659143	0.010425909062918126
-0.013828223618381763	0.03425830780812955	-0.08704750714106302	-0.009959260707610329	0.01747153720534378	-0.03458563926550573	-0.013552580021739646	0.026397266069823178	-0.0510236000431758
0.046934119476957914	-0.13755502197813896	0.23538662069384053	0.06135763489727508	-0.16808554044202095	0.23724829354076205	0.05763830757734956	-0.15490918081729144	0.22969500350240457
0.018381604418615693	0.0009084528115833601	0.039160571752413886	-0.006430880977057907	-0.0374741310708272	0.08407066494212745	-0.009494643871690078	-0.02370493662597084	0.06190564557439865
0.03337126053318118	-0.10458579933719547	0.10069991359517888	0.048116901762462416	-0.13506841963863003	0.13616825033854185	0.04798135689256233	-0.10907827975308027	0.1211112982468015
-0.023524406552329347	-0.18043959369861884	0.0963369088345083	-0.33494476302357773	-0.140495799171231	1.5279181692474697	-0.4415108845146416	-0.11614128325175632	2.100992790322115
-0.045253003884475285	-0.036016337142952604	-0.09414003439848617	-0.032015193150029875	-0.1344732490134355	-0.07657003949697883	-0.03452027643703948	-0.05794299142579551	-0.08934925635576396
-0.0014441475746013177	0.029839776279546593	-0.06664108692871751	-0.00484216670647164	0.01069622045014218	-0.045383634744996904	-0.009082561242644616	0.014685769483346212	-0.04960589088136047
0.10297941175972869	-0.050455264696467994	0.0954972016597111	0.06041025188626392	-0.024679247213118316	0.10736811723165884	0.05152710536260752	-0.020104494823675045	0.10588234787108775
0.020025889111137896	0.03806985275792574	0.03608863283405167	0.10889578347358075	0.030719465909672228	0.1293281535884357	0.05251704009725733	0.03454690435729313	0.09830906990424254
0.029861540797467723	-0.17465934413918993	0.1739897486852764	0.035508376704584066	-0.26310823753261015	0.2342690233954332	0.032923435983928995	-0.2283381440241996	0.21574138376337237
-0.005654462479532496	-0.027634279776678095	-0.01276607994358725	0.002962245554225418	0.006236502967579938	0.02453997365168209	-0.0077216564519442255	0.018178957668540052	0.013076645053941183
-0.03951749419114636	-0.20473897900574667	0.12604632757782663	-0.02328061568779949	-0.11263316945956192	0.051492428823533776	-0.02283327653542988	-0.0796695315017113	0.029506353112837447
0.020229308045225824	-0.1401873393424269	0.08705672951819554	0.02284984390551248	-0.08628903722502435	0.0474957382018486	0.021903468997935382	-0.07156902009545563	0.02882852524007401
0.05277573527560753	-0.00047388985069962697	-0.06850114052519296	0.045779906106019785	0.0017306789391011712	-0.050267558226326	0.037223301195169034	0.009980901682414944	-0.05232190336345954
0.0009243556047493495	0.03248380127943107	-0.04276592250141259	-0.0018349195371758498	-0.0014477462816081532	0.014369389912912589	-0.008669342182264339	0.008407720481101943	0.007251639644337227
-0.03971344218076889	-0.028696214976124956	0.1151047979493025	-0.05427982973246237	-0.07191769755241328	0.16633112320447052	-0.057189712944479054	-0.04904173845028681	0.14041499277301217
0.01974996279309016	-0.03253766918225642	0.09831850975096168	0.013134892388814046	-0.051454195650335155	0.12451301263565567	0.007255636104812724	-0.0427912720141449	0.11037411128379415
0.12769882417410106	-0.00986173699057702	-0.04789824673999726	0.13890982246821237	-0.014846637840917554	-0.03872295683999594	0.13132371266053045	-0.009357298885294019	-0.04471673494596573
0.029084214488765525	-0.043823288166663144	-0.010107215480329834	0.03725232488449148	-0.07610571305711378	0.03253949348728785	0.036806680423492	-0.03516624463499052	0.010242556949948356
-0.07286148570859885	-0.08140482926761061	0.14150878459224858	-0.07417378740991543	-0.1015791875454003	0.18689666037328512	-0.07634691224207912	-0.09201028529962452	0.18221023351592813
-0.044687230017912416	-0.029724352576761315	-0.06816165266307983	-0.05134755537536895	-0.05638185910131044	-0.030056754891503668	-0.05609391631371685	-0.03639843304745727	-0.04265402479293495
-0.09325163848187545	0.033143534577548706	-0.10612521947985742	-0.03926052280517045	0.023657298582017372	0.04491052384242006	-0.044518706013856546	0.027785149948841847	0.005273855691809992
-0.010846535408420066	-0.2270610775515115	-0.1351294426909698	0.025042981881270077	-0.23437452664868308	-0.08020038518860628	0.02620296663545285	-0.14580635204993986	-0.08659540471933974
0.02456623119172252	-0.024006805580286672	0.07507232091845972	-0.028320747457059592	-0.005322355814107116	0.08300310535490013	-0.03946389980815668	0.005824947015197646	0.07649085905686459
-0.030491443847835975	-0.031096306225486647	-0.022007097257209063	-0.03485686603181848	-0.1217350513788662	0.04949166711652325	-0.03786407897075994	-0.09144261976246282	0.029211133419812962
0.0046354591426981395	-0.5645179367360271	0.4443995004247798	0.044160012291711404	-0.5547457671312792	0.3695992351844978	0.04214344872527831	-0.5742487493122216	0.37908360085174986
0.15783590059015395	0.004984948882279072	-0.04002385422102861	0.1432863989227331	-0.029884234950717792	-0.005404968949339395	0.13700929006136053	-0.017404831172173507	-0.012139887558456908
0.09317364056675226	0.049038819005800205	-0.09410041401181496	0.08820397283458514	0.03770059292409067	-0.0762798953319746	0.07114539819626342	0.04312133691203146	-0.07717103159012578
-0.01722424312974402	0.02811113435738477	-0.05321659117053973	-0.023779811917852056	0.006285393244116144	0.010861047665819135	-0.02851952810557279	0.015303382607987692	-0.004641652468725832
0.021353217667673063	-0.07071462082950741	0.08545065281565606	0.08011253352224679	-0.288877594669791	0.22727147279045767	0.07789714247673563	-0.20743367495364773	0.20242510866698238
-0.009427387434265966	-0.016451046410355552	0.016082630760805905	-0.03108579778919962	-0.054297543229364975	0.0767312497592082	-0.03678419634928165	-0.0320186115438279	0.05326287104472338
0.10284141487557297	-0.016835442008911294	0.04475020600943336	0.07136827839930804	-0.02420168827135405	0.07594480598015813	0.057328719735782796	-0.018087251573806862	0.06966435113082359
-0.023290761517095637	0.041606463755692435	-0.08374840801484923	0.003742753879437566	0.04131795315299169	-0.07754089198869074	-0.019320008832726332	0.05668009645059702	-0.09872513063321503
0.01827920711827169	-0.042986399955832644	-0.005744404665308678	-0.013474871394006604	-0.05963534705628093	0.018309233014600634	-0.01633581510668436	-0.05265023548104242	0.014014945219789854
-0.095652591573134	-0.01738978974255556	0.09495278029772902	-0.08227263138848129	-0.059431414807722405	0.2177896325928914	-0.0890718224289414	-0.04521367262955489	0.18293724601949202
0.08883264943985514	-0.05320369799091673	0.08016966921386609	0.08411331743513184	-0.08286411528817028	0.11681051294688227	0.07823708164367293	-0.061315432773384804	0.11160044872590869
0.052205186035248596	0.0202592942271963	-0.02646533675139906	0.06304154254967553	-0.030038598039442088	0.032847333973432036	0.051112560866721335	0.020158614289565557	-0.0110427671138279
0.13278721925311077	-0.035888515461769854	0.07885074254159452	0.11135314654643891	-0.04998576350041728	0.11609464036072753	0.10524660644965556	-0.04464239182379148	0.1129683540170679
-0.07735045171205579	-0.01422498850820475	0.010181328031876213	-0.06531422735304071	-0.0371365921007466	0.03859845216639329	-0.07142763145538478	-0.019027097446048358	0.030940146540376134
0.007728616563858259	0.007913568593276299	-0.06040133019949334	0.025615061611196865	-0.0026519355745181494	-0.022894826048420913	0.02021528577788223	0.0031379310127209736	-0.03068158504221724
-0.0405165912914518	-0.028410429520629776	0.006130426668059352	-0.03046170839140394	-0.04477479679006713	0.0036097902934867365	-0.033505173305132474	-0.029278897829500106	-0.0030547743613504874
-0.02493502056528396	-0.0031078099817729576	-0.01787809383784872	-0.011087829127111926	-0.07376861552575431	-0.030497226511131625	-0.024200766985875588	-0.009337520287458378	-0.04005866417422843
-0.027642689659195363	0.041960018179311054	-0.11544695630452664	0.010550746857545867	0.024101113079216363	-0.05763549938500501	-0.009332870169283969	0.04593560974851574	-0.07803204880700282
-0.04640976633062677	-0.01774539909903383	-0.09775829723248103	-0.046154458949136945	-0.017667261174388438	-0.08324976299129183	-0.05262989867417278	-6.43140846974255e-5	-0.09810141647730752
0.05878615740198634	0.017299369245971752	-0.12000846626888204	0.04123046453086321	-0.04408809987684725	-0.04579497407537342	0.03816246466223838	-0.01269471681335188	-0.06838028122220274
-0.06384627385532748	0.03986013368255059	-0.028823005140662883	-0.06358663805673137	0.03779716869153438	-0.03352502534840246	-0.06909059663746064	0.044224441715444374	-0.041799383566992976
0.11230031097386228	0.017693257822377406	-0.008267624720818156	0.13171645483493044	0.018293339267474562	-0.03211758382514679	0.0887181091881254	0.04613109119787562	-0.06607988504631523
-0.08839279514607834	-0.05943621061454518	0.12934886886944924	-0.08414243114467945	-0.10168604804765058	0.1804020446674045	-0.0883038518991035	-0.09612167909634672	0.18005809617004886
-0.1280389010810553	0.007230784118779088	0.054267805157863835	-0.14643318062003496	-0.02689736587959246	0.10455534309933506	-0.1503406520552113	-0.016664531366498037	0.08814814335997362
0.09212164247645949	0.02896521145113007	-0.10351142660857038	0.09840435836772488	-0.014405910951531542	-0.04217429343575502	0.09436665878478567	0.01159708856272701	-0.06557363546201589
-0.024526913121410643	0.022156816952611624	0.012269087561374292	0.012258455557236148	0.014229748297545863	0.017808296078677677	0.0061225231079393705	0.018320793238832844	0.015729192186983043
0.03734169465603554	-0.02208141169972211	0.07682046777154333	0.051586043527811376	-0.02077931259299093	0.09270764517908076	0.04514688491394847	-0.005990848206356092	0.08131533561596649
0.11419473859742668	-0.061234566409301805	0.12881075271613607	0.10895106269016286	-0.15514734890371806	0.21290822106307428	0.10709195416489248	-0.08818899650137291	0.16516650649286957
0.029572357514622394	-0.0075838155706577925	0.05899584162049293	0.031094235122764435	-0.04370684418660398	0.13200712204813903	0.02496136277569183	-0.025977787780221195	0.11307072125854867
0.02254145606687541	-0.03655657432281978	0.1393034909571581	0.04303609933166597	-0.056757993620493274	0.19982472072692126	0.03600530139010816	-0.04833366099391612	0.19519994959143838
-0.053117238226290664	0.03255523652300529	-0.16360619372137428	-0.042808623014550795	-0.11706545073812635	-0.12515663762200635	-0.04302618009518078	0.011558728914890959	-0.15417935486391837
0.08839718661012463	-0.2088212901458264	0.25896820718128144	0.10904473801063097	-0.463778983870586	0.3378198108749797	0.11086945344660382	-0.47510358967146593	0.34024375152173514
0.002961406872303285	-0.029437184898123192	0.024131005500472202	-0.015435378683702816	0.005444208533387784	-0.0020930833514775093	-0.019987673788777305	0.010763174101959816	0.0033466562611950135
-0.02344296598690443	-0.009145807579332255	-0.010846672013524294	-0.015981732370958235	-0.047557097699607365	0.042866715313287396	-0.020148848965891086	-0.037730851607506444	0.031087115833023038
0.004865207441287267	-0.03705707697039562	-0.03029430465730465	0.04045275519763314	-0.06230016350762235	-0.015915804079467355	0.03588595638668701	-0.04080512200482467	-0.027217391325689566
-0.040388065491048675	-0.35610281096753527	0.385601849959859	0.0001146613408258279	-0.45152326018346084	0.3990225018298781	-0.0008360341414019867	-0.46938750114678696	0.42060056050273165
0.07025391648347867	0.03930696919487353	0.04495148501530327	0.0798322318136554	0.03221206666659315	0.19070690212327157	0.06040879168964297	0.03610006123480325	0.17489990066966343
-0.04043262276938153	-0.017485322519919744	0.05049462311460706	-0.03157704298028896	-0.043895022815915175	0.12604756241677234	-0.038017623033860914	-0.03510988495782552	0.11601555778760508
-0.045771674356306136	-0.004377820080676109	-0.08905661032276979	-0.012764209654717695	-0.04197703317055146	-0.06563554906109181	-0.02085528923313007	-0.0235074798127769	-0.07732089907780115
-0.024156102023987658	-0.05833931831490602	0.08249094294672188	-0.01992859695527993	-0.05996143409907817	0.09583879469285594	-0.023630969139221247	-0.055906004156870415	0.09386495400617118
0.00891634017173637	0.01981830705871801	-0.021084836257945994	-0.001518172878368862	-0.01273065261344164	0.06344498124131509	-0.00952356040139768	-0.006096146438286376	0.0471034016905747
-0.010178524884590145	-0.038479161541100315	0.08310602251509774	-0.002314950145917982	-0.05905753751349396	0.10385153049793938	-0.006908051860062159	-0.045475490109551986	0.098330023023461
-0.02292042873287492	0.03767655341020071	-0.09373228525263644	-0.02506739097065258	-0.03973009054910248	0.0097986967390018	-0.029340860121725654	-0.026450364235984458	0.002023371594797929
-0.10507638053134438	-0.20652711070362295	0.17039904471962775	-0.09860876307818134	-0.322698408960035	0.19602188793399677	-0.10299954056288219	-0.26676933517116275	0.1931785186924586
0.0044371774360160154	-0.0888195293941042	0.042288707242350176	-0.014297561412792259	-0.13968545400799215	0.0979279079530474	-0.016027480236419978	-0.12260131312623401	0.08511379198352609
0.07808636032203786	-0.06107375790666947	0.11508829327117204	0.07741937262991483	-0.053466673926401365	0.10642900558015611	0.07492860125881629	-0.04316865624646926	0.10030451037609694
-0.07323805517156079	0.0025542465036044737	0.014005147802727158	-0.07191499212623009	0.0077041755686885205	0.020035520332015444	-0.08153969880450207	0.01187473532402239	0.014589783393606282
-0.006298716244247937	-0.031318414901005176	0.11958742646783704	-0.002564972021105394	-0.04389667663847052	0.12743816024002447	-0.0060665183272691214	-0.02783690848064868	0.11531544125097354
0.13184031114518058	0.03270431484513581	-0.07313190584745466	0.17910175289500385	-0.03926480108996255	-0.024269208272396536	0.1512649788219228	0.02169795374215111	-0.04263833198627842
-0.03224726629301822	-0.00522483424790765	0.05122129903712963	0.0052621671248976876	-0.016145603418340038	0.06095456896591378	-0.0037645832703805393	-0.00028133098187477223	0.04621717727121011
-0.27629504141191114	-0.22297821980352117	1.888799712357863	-0.42457299611200894	-0.18929134362528532	2.2162577099524694	-0.4660460746007681	-0.17823172483639682	2.3045755157612806
-0.0052787217932029895	-0.031192496192121277	0.10330144311448064	0.00623381564045522	-0.05042571930589579	0.1635039345950695	-0.004590780579906029	-0.04258909752478346	0.15012354277914008
-0.03927729816099401	0.010095555905888398	-0.03672760267397257	-0.03622833268723469	-0.02287835175613251	-0.00019413643009874582	-0.04191931015865413	-0.010118283075802315	-0.006196589855589296
0.02922035347232521	0.030647506933187407	-0.013351373694283464	0.027366781486336866	0.01990606835766684	0.01733717379485311	0.02151728445955292	0.02538584565367763	0.014404266022830237
-0.09848494749210479	0.023062578549328916	-0.0893685883708652	-0.08295921668229544	-0.019067886756050867	-0.06634633846448323	-0.08736634334323945	0.01146876772838512	-0.08706747077181454
0.04679242665008576	-0.05482619784102827	0.16437632090757193	0.06146881937491777	-0.05433822909537389	0.2058072023806643	0.054818420240330346	-0.033041229178286224	0.15870913571791845
0.032243006098720106	-0.08456928859006085	0.10438217026344893	0.032128589589126566	-0.11411440178605692	0.08886110729678315	0.03058048139211389	-0.0930039216612063	0.08152869730487577
-0.015123279365057973	-0.08748342927439046	0.032499260136481634	-0.021027363059255455	-0.2210204711919972	0.1304618099186004	-0.021647846643633617	-0.15765005952496125	0.11682591064510972
-0.1056348016900911	0.04621211756824861	-0.04703940601611484	-0.21951301704599124	0.013078871935260028	0.45072213636307024	-0.1391775101039976	0.022322532362604064	-0.004983417432994186
0.03523355804737105	-0.11045141274656167	0.1276031337377868	0.044826147985606135	-0.13718775341728084	0.1676920386514006	0.04086514627572724	-0.12192024954503788	0.16200828612333606
0.1096820943059933	-0.04161043603442671	-0.015466438606569766	-0.04839606728636303	-0.03480182406510046	0.4597348791672474	0.08231029296919468	-0.03445847090430387	0.010923792542260169
-0.08446971529840253	-0.019555484218965025	-0.0016551141211510467	-0.05354071944561123	-0.015128696974488709	-0.022286038231403238	-0.061231188382615764	-0.012899323082741554	-0.026450164618642025
-0.02752077123248009	-0.011559641644023788	0.051845489229891406	0.015311816741277573	-0.009315420354890525	0.03657725813591073	0.008843602908320647	-0.004302616971284312	0.03183489290722846
-0.010299660317873549	-0.06990819012603988	0.1743485860424624	-0.02424829367936765	-0.0843546032786513	0.20156316752063774	-0.028085651400293288	-0.07624818851133164	0.1897232383926284
-0.0462941303156742	-0.008109001175314878	0.0033326012583992926	-0.017233274068539917	-0.06682837406555153	0.06364177467030718	-0.025845526332120783	-0.035471400635230466	0.04784192052939662
-0.0475921568528177	-0.07084836076369061	0.21832589476385367	-0.05225933317659026	-0.09239842602612491	0.26659633601998844	-0.05737302426842106	-0.08265825961583972	0.2488789230006957
-0.5330378188044601	-0.07601710844558118	1.6080883301820679	-0.5318248482114816	-0.10471458663867672	2.1129356982380747	-0.5551971093053876	-0.10261706742371035	2.1208755235876393
0.10621069047489018	-0.08066663964376952	0.02115087236578389	0.04768371451397413	-0.13311343927264152	0.15197335682397095	0.03858168067014878	-0.11483534051453481	0.15140273617582167
0.03489998344700207	-0.03399040897640959	0.0010264706135704738	0.03829765752618519	-0.09066926701624356	0.03738032311197653	0.0321864639283298	-0.050607401013001985	0.021195322324861654
-0.09332219435107969	0.002840078386076028	-0.08533734263642212	-0.09425840559150278	-0.08364788663127776	-0.0395102503990471	-0.09559695182060068	-0.012639069374995038	-0.0598727527091481
0.018150584932054348	-0.004155582078679165	0.02651952812152686	0.027104798070936464	-0.027833890684134333	0.0421490179514859	0.020662384695322	-0.012088629750712454	0.026401214275826257
-0.01299840976162403	0.028221514873020048	-0.03734001531313896	-0.027406949650786272	-0.022096039825509006	0.07545391124945483	-0.030621181790688068	-0.004547903403373077	0.06044465864903925
0.08314772115392133	0.004133959543270449	0.03234573678091196	0.04826382690614972	-0.007720149348513949	0.09042540900350271	0.04471247136686163	0.0021101339573598166	0.08176603806413874
-0.11190243373005848	0.03653586803473452	-0.0522084996831122	-0.12173827095998802	0.026777618004165227	-0.020866340682991147	-0.1267118926241647	0.03449301939281446	-0.029278248514022776
0.08592050309878041	0.07522005481431115	-0.17571894753624598	0.2250793519156734	0.041706655000256054	-0.17318629090210624	0.23264460739554216	0.06888884892137748	-0.18422155095031717
-0.006974322444393111	-0.15395040241505653	0.15431371398770644	-0.007616064098763142	-0.24706552330960063	0.2149484532101006	-0.010663742648512997	-0.2335711180806226	0.22137322954780025
0.08444388310272644	-0.01461464500289833	-0.017542075859440953	0.09510254357967463	-0.04642722972731861	0.010495221848221936	0.09390102787960475	-0.025917944105441904	0.003810784187897265
-0.047949990237607154	-0.11932501147709196	0.19062846903663588	-0.032247031229236445	-0.16376572367305087	0.22351902161016735	-0.03178661328773613	-0.13284242170301386	0.20140273210180626
-0.008930484716976772	-0.145757193437707	0.0819675373124415	-0.01312541664198752	-0.19076104091220525	0.12292318037780281	-0.017277947458580023	-0.14439177574728224	0.1163074559149162
0.012968902351567557	-0.1783109965168761	0.21248102783097123	0.06548077007381836	-0.16367788949933293	0.1165010831800799	0.05822106639540081	-0.0914781707324217	0.08789314725336506
0.02102252197744492	-0.07326308321136965	0.12329024242422598	0.024736715277957955	-0.09005150834680953	0.1340903432683313	0.022123341078435055	-0.07907406172658138	0.1255258797883828
-0.07934001696379422	-0.16761748603109494	0.1935096948264271	-0.08351749389305196	-0.13376793489786065	0.19148847494579546	-0.0857231104642836	-0.12002299701192942	0.18218519437520853
0.12309532027417636	-0.07430748154566191	0.08680649875335483	0.12222613968266272	-0.1524782250494563	0.15218085304868179	0.11738908705443918	-0.1032551956425044	0.1325888021677757
-0.07255360998505866	-0.0011771058625489328	0.022167833077161525	-0.08525315875387085	-0.02016762560551466	0.05274830242094486	-0.09007130108899863	-0.007167956222879357	0.04654665642239819
0.05304263607126214	-0.07160424334464854	0.034576277742470574	0.030240128188586568	-0.17536188483329063	0.13549736962124553	0.028520398239850087	-0.13147827425431535	0.12871507673622934
-0.04531463744494746	-0.004782233690535431	0.06174851252668534	-0.00546516900558669	-0.016183238803603506	0.08932577614293824	-0.01231144076202817	-0.011033147249803421	0.0844518715085742
0.03957865212577427	-0.010881910939439354	-0.04234917270674521	0.026514512609372987	-0.0320095297244285	-0.02725792974812591	0.019771855059956822	-0.01869086022850619	-0.03709586012668664
-0.04353638985595576	-0.1337874153784352	0.11533474047061498	-0.03442988898297539	-0.29086887000618766	0.2506488456879775	-0.03689712782501453	-0.29739322023794146	0.26248007814906327
0.007686720259763025	-0.04771744066032724	0.07956316734066449	0.02555035644733905	-0.049747916642716494	0.053863631798801104	0.019618166047927876	-0.03748440465092295	0.04733411955470079
-0.05117041520240062	-0.018391636379471388	0.06903134988092618	-0.04726951147214353	-0.037699904509564064	0.09079357899318513	-0.051518155587871206	-0.034403191373860276	0.08595159099242361
-0.037254945303659914	-0.004952823227259429	0.09420456794614873	-0.03788689516981725	-0.0075750246952352995	0.08458625283807036	-0.04845923808322783	0.0014289269673765093	0.08077713983657725
-0.014324190889487332	-0.07930197092641278	0.20152902455114263	0.0023905775290420372	-0.116256399959074	0.19731793466135972	9.511951205398717e-5	-0.09365626504931746	0.1973526212074569
-0.052463086992613706	0.043346879368971525	-0.12125097443100838	-0.04012433229335444	0.04141339911225439	-0.11612959329358766	-0.04973303414107744	0.046982548022201476	-0.12015200533619919
0.05108822149828085	-0.06962490171147373	0.19109692989109528	0.04872179080320249	-0.08169728341919025	0.2241905120614378	0.046594045005722284	-0.0743038297389268	0.20112633477563302
-0.061734620744789304	-0.11284483038379656	0.0800585990086009	0.009806462989366382	-0.01708994827878252	-0.02679920896773308	0.002342243525844556	-0.004655496588425012	-0.03416487040855787
-0.023803366241696544	0.043258368753568255	-0.025791346201555543	-0.016549421402875075	0.030463572816832873	0.012107374392650472	-0.0361133672192645	0.03937736291469174	0.0033390338420664634
0.006365700374617922	0.0377000179531054	-0.11612476564594088	0.029495767105238935	0.024512700097270135	-0.08365131741331061	0.022480778835946236	0.03341519526272141	-0.0940777393848432
0.037424238351268735	-0.001129201222627385	-0.08379912441898713	0.032369682771486996	-0.05239092827941816	-0.016002587967005544	0.028787517472525614	-0.03216083751737764	-0.03651746813921575
-0.09812531213289011	-0.05934939250805571	0.14409881295527294	-0.14179051899960216	-0.04371343970359742	0.13044585993729746	-0.1447658005386545	-0.035703194069617084	0.1253302468564193
-0.014957686636831058	-0.032228565534755504	-0.03294397866657295	-0.003145311119285954	-0.09503131258702213	0.02372316216342052	-0.006055763677680126	-0.06586760299126782	0.016765547797978397
0.01842929031721885	0.0023467825563917577	-0.11003041370775446	0.02018328566979588	0.00711998971639638	-0.09916860151155504	0.013749620240661509	0.016024785602094638	-0.10452003557091716
-0.06348136193078813	-0.05732545014899837	0.0505913826561058	-0.04037258313295378	-0.0734590172268188	0.02685906250862169	-0.04462357951874507	-0.052682945488372046	0.012255843222759744
0.006708194165749859	-0.003562474729180698	0.006365054536097814	0.0011207835552186074	-0.0552056573024321	0.11244144582417614	-0.0027519824418378303	-0.028950586817623303	0.07852991577110263
0.10537293441673401	-0.26464038645836485	0.14003051142282508	0.2071795955405139	-0.35109770071801083	0.318237972588031	0.20347961456200792	-0.3344494852601846	0.2994046769762241
0.09438263917825129	-0.11928103025137504	0.14666331303998437	0.09862049345325608	-0.25675784567944904	0.22747467696741186	0.0961605768938244	-0.23418939484042844	0.2232846048029179
0.033516294474321806	-0.04075245941974093	0.07156108760426089	0.05358285643188121	-0.060783502117429444	0.08044989997327051	0.050765162880506476	-0.043614329466925894	0.06479456245884063
-0.020482668176272534	-0.11870609724089676	0.14694821869737773	-0.011680871658009795	-0.1369320615626659	0.1620126583004372	-0.017254845022706244	-0.11220003604259776	0.14953293805743662
0.08286756621548574	-0.015085953298817789	-0.02942809294299148	0.08848738714874016	-0.06397079655607574	0.013932108866051007	0.08359910684907845	-0.03832939807037383	-0.0024277502542269236
-7.019959939924547e-5	-0.06137914650425014	0.06341103622637329	-0.006473763769551999	-0.1481587450708428	0.10528879130165825	-0.012397581461150553	-0.0930139728454984	0.09610489180331833
-0.044292219605990835	-0.0038576696671218658	0.012451222616172375	-0.03610018264025905	-0.03581897300931447	0.055113529825105645	-0.04708932388223974	-0.001563900888183145	0.008448548301676073
-0.027248908979061515	0.0482325182952249	-0.11189679299911931	0.0018713255764334358	0.047579154096454634	-0.10379567232534698	-0.007264298623856025	0.050616668044076496	-0.11358109751594797
0.00895879578022274	-0.1258308742095603	0.3496393155523163	0.05364065424078668	-0.11650155679930374	0.33652693516670507	0.04978854378522912	-0.11321642104676422	0.3285967209611852
-0.04220500208264	0.023696153246559826	-0.10768491517503764	-0.030955675284856987	-0.02595761953551612	-0.05727506213397915	-0.037209370122776364	0.0005165301408521783	-0.07296102124236792
0.03660648012687384	-0.18266076007827892	0.13975710134457398	0.03649374056203103	-0.294597513428262	0.1751397104779744	0.03276943597294091	-0.27470828797629865	0.1894786296485319
-0.05157542833837969	-0.213061581730549	0.2507762459133347	-0.04198804108002352	-0.1989176163136097	0.2217788542043645	-0.04479368036146314	-0.18180373812430006	0.21119710918581458
0.01017458752512268	0.032511447544584904	-0.06682820849939652	-0.008782046564130064	0.004650419544624862	-0.025214209595529002	-0.01052280500594982	0.016996442334340278	-0.037228879222753974
-0.03283285650726153	-0.026379237379306364	-0.013824121938066147	-0.03944975893539737	-0.011294526613613187	-0.032348195976158844	-0.041543261736275205	0.0029472988300861536	-0.03762865281320127
0.04016874854452668	-0.2050591197342203	0.2540638560408671	0.04323331427084409	-0.21336261859176275	0.31082897288684874	0.04143876654422862	-0.19657648610942513	0.2736856159782497
0.0024778767401093527	-0.06725673820086941	0.06857161651036175	-0.010382269650031972	-0.05547572261157796	0.05217252026031821	-0.014231857602677755	-0.046325745144296104	0.0424711852329297
0.009087091978105977	-0.09499894129262998	0.0483997666046842	1.2632393990297253e-5	-0.17427095544319093	0.10704742779444865	-0.002070931636211526	-0.14557277595117024	0.09708711455833852
-0.09920188994194423	-0.08555814573023923	0.10928531846126505	-0.093656041363538	-0.12344539886362615	0.1262365863938107	-0.09601802622874334	-0.10202386396966667	0.10851183407346265
0.07655460245805845	0.0043883279698857525	-0.05382494809185112	0.08941636516990747	-0.04737708024662535	0.010964193705436998	0.07898002330308707	-0.03491601898114938	0.012809055351351795
-0.009765980725693235	0.07702540099078414	-0.1485655300123686	0.00834404011529477	0.0662130703965057	-0.09381366913675643	-0.033747775606226216	0.07452215649944183	-0.10643133638498564
-0.05970891028690051	-0.09919932082610317	0.16323034496716393	-0.06529435518756932	-0.14055259665631115	0.2127820607742722	-0.06512942794295196	-0.10961158256180459	0.19766442264096917
-0.04780865789777222	-0.023725828103060453	-0.010432546877588988	-0.0661094422399866	-0.06010627875089014	0.02921974902242469	-0.07045858723065113	-0.0468452555059401	0.02763855249673136
0.09925102945472974	0.008865903472435543	-0.0279462133126952	0.15516629812202676	0.002340307918486162	-0.013017626491711898	0.14070069714056865	0.009762760096040046	-0.024550687643759395
-0.019783776727410607	0.045952747336929334	-0.12113126377680411	-0.024369044158017772	0.02773710412621677	-0.08435118440757056	-0.02501102934178734	0.035116075238724176	-0.09243070042209034
0.0188787103109197	0.021217910154280317	-0.10558819043109308	0.02516193721456994	-0.0076184648576100855	-0.06405930487652073	0.025111894006056956	-0.0012401053209658564	-0.07258183736915202
0.11995603757299489	0.024869045441621274	-0.07978854826803439	0.13940859308300113	0.011837724029343244	-0.06982291587790845	0.13679345206508442	0.019831089136009283	-0.07649773563833495
0.06832075148396055	0.020987885037415444	-0.05066977706507242	0.059381106238233894	-0.0016011887812408254	0.01986641186582605	0.052096713289171426	0.007257379227237459	0.013051371539190226
-0.03266255545460395	-0.0005159238351064577	-0.10800503412812146	-0.028668802188126397	-0.02802018304114029	-0.028403971938865347	-0.03347876198445654	0.01494361411589229	-0.05058930061281547
-0.02551978938903532	-0.005232408455655757	0.0028256050830431367	-0.013382440501747972	-0.007842958782126153	-0.0015407537441075592	-0.018289177143022695	-0.003699243538554331	-0.010705179128028486
-0.05655199512192355	-0.0020812050786509495	-0.07266327602354022	-0.04929494598437911	-0.015063848597534513	-0.04079336910524406	-0.051926049024691556	-0.00372283363812842	-0.052033815558754415
0.0024537995700093518	-0.000865045693159372	-0.05731439496881785	-0.008945446188383777	-0.11365124134919691	0.12553900060683393	-0.010397284961747522	-0.1008011692983225	0.11174952653493297
-0.00583355199477642	-0.2325471725239322	0.2824471811142558	-0.00014321592978594477	-0.24999307357479028	0.2734156763332817	-0.0033724445487751664	-0.22917189010811245	0.2520090061672621
0.15198733604475467	-0.08853039368738269	0.14552118338755682	0.1926381170612982	-0.16861680512054622	0.16112471745811585	0.1901313359215555	-0.11910895115526654	0.1298832792987747
0.08543159667302946	0.015647747038056714	-0.09681067005014454	0.0716662945905544	0.024023814656912945	-0.10698336720512108	0.06738931301443596	0.035447155161884236	-0.1169492362912084
-0.056967571948759455	-0.045886985803648916	0.10905038804049316	-0.06575244026029814	-0.06454053613378485	0.13961778145021764	-0.06932140262078113	-0.05306184643926093	0.13368686090996462
-0.04811785230552135	-0.059305549579558914	0.057386294166497376	-0.030979521183923664	-0.09234189674515558	0.22184489501315618	-0.03448563800820237	-0.08603109488087823	0.19799722867449554
0.1727465691199892	0.021308100084787562	-0.02518546717838599	0.21375198519468663	0.004705257218612702	-0.006683616026814276	0.20293038499690086	0.012721144271220619	-0.011991708269861678
-0.061969606314483894	0.00746069779369718	-0.06746916348126958	-0.07795090110331993	-0.04437225663845745	0.00560719972757634	-0.08140749982699202	-0.030108844600959417	-0.010291800307593246
-0.10495340900453098	-0.10511578231341934	0.04485386209403669	-0.10284536955766754	-0.09083128414221786	0.027808300829636534	-0.10367212140423354	-0.07044162191528713	0.020144546680965936
-0.006379825140326756	0.028807177890929347	-0.06442390705324536	-0.029367324460053523	0.028564688579117536	-0.07690289007612006	-0.030725734130953475	0.031150995026684725	-0.08450605909671272
0.00031874529394060325	-0.06016020693974944	0.009341496200421628	0.0031470140964406923	-0.10035759288089996	0.07545321356131013	0.0010009451509622735	-0.0884715082837424	0.06848004159502286
0.050280873424433103	-0.13674624904519272	0.20646547460278097	0.07614840777548404	-0.2025493080668317	0.3249446636403186	0.06783965750278564	-0.18802114107667944	0.29942374745242206
0.02894242742134079	-0.014953637799796526	0.05262139451080794	0.054478175056513645	-0.00048721992027200844	0.037373801835966725	0.04940717719143528	0.007513635558655474	0.026401502313412983
-0.044745892172685764	-0.025220568656132092	-0.017814554004993544	-0.051561678384650644	-0.05343002664008778	0.09287506314116656	-0.04912831827279074	-0.043273984144400646	0.026080044783139578
-0.07770673091972535	-0.056559794629666205	0.047881403377546206	-0.030580817020673834	-0.09167773616604191	0.08151287613744645	-0.037739010548112906	-0.048837821745970844	0.041739102680277085
-0.08455125379404027	-0.028112186555380614	-0.02159674356526875	-0.07702269623345537	-0.07314379936952864	0.07111963038128166	-0.07989434471289869	-0.05838830322904631	0.06772748896187786
-3.8652630460211945e-5	-0.033648050267598206	0.23412116449213627	0.03925896142639085	-0.07041003028260784	0.2386535943531627	0.03180778022351882	-0.05903099975621762	0.24832636665771857
-0.061809557847255836	-0.21842036187907954	0.2210245511629677	-0.03965733154130113	-0.16647255937122074	0.1841064445158378	-0.04436493252146745	-0.13052630221013406	0.17077752631749865
0.030243177826189238	-0.13878207842165635	0.12175701350490947	0.03444007423854911	-0.2111548079501917	0.14127632806919022	0.03294634888337211	-0.1821380334348509	0.13175322740933815
-0.016142012960576158	-0.039489286236869314	0.15519519437339446	0.12108697612070907	-0.14490452349672223	0.20127113735746827	0.11483887372340951	-0.08845333583997439	0.1708733197479544
-0.05264540087610903	0.05949114204156336	-0.12678371964047472	-0.053184632623278105	0.04974165596017288	-0.10598638452493803	-0.058412805210931174	0.05400581590409104	-0.1103778809160535
0.005139519686453875	-0.06323126582658622	0.037365503244929654	-0.004782594226033332	-0.1041670820257865	0.14676157430328662	-0.008095948239855044	-0.09089453648028656	0.11373995923889835
0.13253448926495381	-0.13367823716941707	0.016600399943195232	0.11731038661078907	-0.14998112365665084	0.06288101596530471	0.10449670777813835	-0.13280326680988797	0.05606362114925001
0.02699686143988722	-0.0695606382577888	0.252322547849786	0.05650589299023079	-0.08147912270592328	0.2620686415164899	0.052811595026363456	-0.07519671508775472	0.252395813453693
0.0013303177572721037	-0.053281713169404554	-0.003276583038525127	0.01877174188080799	-0.11206565244401967	0.009562181817961424	0.011776022941282993	-0.03988503918518316	-0.014053393412528925
0.021172462985624918	-0.11457925215959097	0.09710311877872402	0.021296258328720397	-0.1295696670936941	0.12090245419448459	0.01913147303453211	-0.11678139186215131	0.11642776831567658
-0.06717289267859528	0.01724107230653016	-0.0033137170952299844	-0.07811636441241754	-0.0011625606327996252	0.052308389094272045	-0.08096300098502751	0.004070535528459818	0.0417912387687549
0.017870533086305374	0.05832120990018974	-0.08791261612194712	0.11203239542401322	0.021383811305724865	-0.08069396725106903	0.11640369052746469	0.04561285054380104	-0.08586959670549194
0.07330155641615632	-0.16597810827947568	0.13998138686718475	0.07473004777684544	-0.20702451569351232	0.16365135007013987	0.06963399353690858	-0.18754975019818143	0.1670021831161893
-0.03839706451392311	-0.006025305849423956	0.034802950408785505	-0.040202602714782376	-0.024165544438260467	0.0417695372132883	-0.04075916120238443	-0.015849250325521202	0.03727770481774134
-0.11729240887919246	-0.02413207781069615	0.014155332543611399	-0.07891405831613885	-0.06840345296491945	0.17409256042597843	-0.09602164368768729	-0.04036347300720988	0.15727004341922923
-0.04008965461877323	-0.24817526416349966	0.3055304838151499	0.029919250516983742	-0.5293163656620363	0.36400558751279877	0.023723861007905134	-0.5560298771735016	0.37691973168866133
-0.13283354164674332	-0.010852884409703889	-0.013523381828420278	-0.1422514563807734	-0.07963514683915596	0.05259175670960031	-0.1426378641913162	-0.04271762735877005	0.030095732335865877
-0.04019843015660152	-0.05646511760647188	0.2317877052392443	-0.038461194722737124	-0.06383595145655574	0.22204510803133015	-0.042093691433194746	-0.05755641275494916	0.21549333164431883
-0.02638232365511506	0.026142562396817448	-0.04769642743970298	-0.040639786240391995	0.006179659708782204	0.005458448305262764	-0.04496379682001628	0.01617078065356803	-0.01081608858241595
-0.02167076502744325	-0.04149818036165864	0.09544046229286046	-0.0073806012343672345	-0.03571046080310225	0.09725394930909498	-0.012198222199602204	-0.02550869273970846	0.0854410112657552
0.19052118858773648	0.03570694661695162	-0.13649076592269507	0.1585569223338874	0.017776615065522194	-0.11786940415973182	0.15302119692841976	0.03119660829136095	-0.12492027700229069
0.09277391404659618	0.028896268670584924	0.031685679865285865	0.09110488494001268	0.010768964906564427	0.09000868901216613	0.07463820244276587	0.019932184247725804	0.08251773569298398
-0.0846989458394719	0.025036002630728582	-0.11608232560466522	-0.09286363378236984	-0.027520987301795308	-0.03777285696703281	-0.09692197188917451	-0.009448315085326398	-0.057292558488136636
-0.08261361570437642	0.07938444265389755	-0.15322344570005925	0.013471578019061958	0.04107078859813851	-0.0008678954275861406	0.0038082700917720924	0.049640659105074536	-0.011469531516574982
0.18895154519495183	0.016578730282523546	-0.024675344711736658	0.17048454588219442	-0.029797504103936112	0.0462016840813933	0.16294662584779673	-0.01935567555752804	0.03259222218663255
-0.011359761319597705	-0.030620061745531557	0.021315481557771576	0.03581722339224469	-0.03592577424103205	0.04441766324370533	0.03337299222915591	-0.027793966552316585	0.03021673736814845
-0.05861583348298072	0.049296721831256995	-0.08666519297786679	-0.06146742160691776	0.03768135618139479	-0.04640478290728478	-0.07015315315785642	0.04725437638540786	-0.057691572129063506
-0.08355159762589492	-0.122395141338554	0.16385724808425983	-0.08167779797031172	-0.3573871334814548	0.2937973713890202	-0.08588852682276993	-0.35767382355666466	0.3255540184912943
0.04851424982530805	-0.09504283041646144	0.28714537655799977	0.08299766390593177	-0.12803500179163518	0.360903568717057	0.07820006662201862	-0.11220375839269314	0.34664090872818887
-0.019025476860216384	-0.028740474792279702	0.07850484192858043	-0.01726513944895669	-0.035815549014031056	0.11808682293518635	-0.016006063112638858	-0.031945561795093336	0.0684554303013366
-0.08756357010145632	-0.03282387629354544	0.02985152272267888	-0.08530510880723485	-0.03871634066484475	0.03156850331104516	-0.08804370205128964	-0.033256853985126233	0.01790665441568423
0.04595816561774202	0.0057977172679892774	-0.05842067058026812	0.035824237131825365	-0.017175512469915666	-0.007894945200361492	0.03295171333030522	-0.006251673178953587	-0.01504150478333216
0.1429061433475589	0.030446437249404767	-0.04768649916709544	0.04525636143601475	-0.03408891414292736	0.10119625340142613	0.04201425437097139	-0.022137497683892948	0.08838639692929107
-0.04476051421285787	-0.019439554559314343	0.030451987665598756	-0.0359442989827613	-0.03442676682281631	0.053511609955432915	-0.03942042359459175	-0.01999314958028897	0.04439069662142975
0.025351584791781345	-0.07703214557007909	0.10262648730960322	0.018368522164660894	-0.11665044960803095	0.16711519762438842	0.01485309503729959	-0.108645199214504	0.14576294322998096
0.10278598489964164	-0.010091182185302805	0.005784988153551052	0.09374842218333013	-0.005840901895255768	0.0173893230442424	0.08323060200543564	0.004294783322007056	0.010005062543590904
0.0814338156113984	-0.0013638961818935869	-0.046242426785329804	0.030149256519636514	-0.03451150038684281	0.008809372327721443	0.022310429382753627	-0.007717841718500984	-0.02184908351915571
0.08269526650484738	-0.11392848274765144	0.050527146277191126	0.07431342836691268	-0.19059099961824388	0.12066164510721777	0.06903518109053153	-0.15524851443803012	0.108608346599465
0.044976573992326685	0.021750047633731118	-0.09099456424449398	0.07665921080298588	0.030261297517840124	-0.12564011314216839	0.07548290530619006	0.038032715724863	-0.13833462971986052
-0.09885375179538536	-0.09832679117532572	0.04343308104809046	-0.0671152397108905	-0.10429567209236346	0.08650129771968279	-0.06998960789811559	-0.0818105617074274	0.08289626441423131
0.07448661112805677	-0.07554102092271098	0.03519141669150794	0.07137475327672804	-0.05066944022975439	0.032365935481303454	0.06728230851087647	-0.039105513930895563	0.03034858200622026
0.006909980933857751	-0.005123235414851157	0.08211742969166808	0.031212186766101824	-0.013906935284809463	0.1104909418619493	0.00040120977400026625	-0.003780564938373865	0.10397388655804923
0.06390794107304487	0.007513377759803541	0.032502654592042435	0.07636387186956761	-0.05150700158784527	0.23212931808390136	0.06283303457609346	-0.0357091390243669	0.21464744746688136
-0.01036103337552019	-0.04638231652575675	0.07024291789747183	-0.01908586719543004	-0.0713535437787246	0.0965100935056109	-0.024536431807317127	-0.05828368326299138	0.07814784327933344
-0.09801740377959689	-0.0019597302487028845	0.15636331887943722	-0.1301667092672124	-0.013939818168964613	0.19261241158868403	-0.13656521232188712	-0.006737555458018574	0.17191556607841263
0.06462815976014813	-0.17032744313734616	0.13055565743547382	0.06697604258126555	-0.28591405143537096	0.21284464367186873	0.06085134522056501	-0.2550193868163765	0.2070539659014503
-0.040929640387407984	0.06783483372927401	-0.12256457773321605	-0.11409018625228551	0.0534402596461776	-0.05245163125943242	-0.11849522808084811	0.06067652127753487	-0.07700399628662935
-0.043224908501360404	-0.0523880449686408	0.14299453214938962	-0.04828708607262244	-0.09566118258721445	0.19825671527288746	-0.05511161009219112	-0.053589377922207526	0.16923015299598343
0.02505944951024841	-0.03293552719446868	0.1747295589832869	0.05528644251149728	-0.07518636350637498	0.20603760605726196	0.05098963318763716	-0.028265847325430915	0.15856508173039718
0.015345461517323966	0.020135274650370905	-0.05977552071412301	-0.0009109675433327524	-0.059858011651825804	0.03841703819196196	-0.017428337549868056	-0.010748853886088372	0.0025227817549292597
-0.0832728392275418	-0.1032725832344824	0.1361238690475045	-0.08473109527408751	-0.2159040530742301	0.20630608418918717	-0.08768688559668403	-0.08207732375326182	0.1579043424692519
-0.06549512278740344	0.0158783148653443	-0.023421181037701244	-0.028696289850206114	0.007403938295763912	0.021428195130451022	-0.0336094996781815	0.010454729182216238	0.012687514888078844
-0.0430634250389621	-0.1069397472643383	0.111411552395556	-0.03642593991818566	-0.16801251601319112	0.21575387127384282	-0.045471280052190255	-0.14933664769779598	0.19916460110615186
-0.035314179868102036	-0.26428929486906805	0.19734927161256544	-0.08185846775069516	-0.3249784550504937	0.5086038770272145	-0.045626739730139754	-0.2825420786526136	0.2572096096021024
-0.004489157637275087	-0.05784503541699715	0.03346907230327373	-0.0017728728620463041	-0.033756630422424605	0.005489789702175618	-0.008046472233614654	-0.018168085731550487	0.0003459031234029908
-0.041365089808870215	-0.17051834755045114	0.15880069553091902	-0.03425196209153991	-0.17462429053530637	0.18921218113097527	-0.03696374733420227	-0.1385710970660412	0.16746739115068277
0.009589978870407134	0.013492222722752412	-0.0620220743445376	0.01539558221227788	-0.003607667162530137	-0.020391212204419862	0.01008777059177346	0.00757331928928795	-0.029132318604695673
-0.09369750330268967	-0.020376917676314443	0.18507687126555228	-0.08961217872153682	-0.07209827865958762	0.2645305548648237	-0.09577957252281144	-0.045734387061716175	0.235560175120898
0.01017960994393996	-0.030466342734446927	0.1981543257856534	0.020610728211394425	-0.03232812499393334	0.1680494552366938	0.009995719460838548	-0.01959608096091825	0.15183830365718698
0.008303347861121746	0.02483286233283344	-0.007641432004718562	0.012181228818266665	0.027714172232362833	0.01862640695058948	0.01160335840278659	0.03095927523703601	0.002567999310032487
-0.03793072579951329	-0.02865743075650351	0.08810127059629103	-0.009439416972907289	-0.0873108907447343	0.24655939751135514	-0.013364706530385129	-0.07506189419873266	0.2312796362895182
-0.12167276200663635	0.0040063431744115086	0.07147175422091256	-0.1654876369771794	0.0034713382565220163	0.08919388622037461	-0.17239237669311225	0.010320802407505991	0.07964448815567671
-0.07460120229187472	0.034281097288527795	-0.04823291642450561	-0.07220423840201473	0.023052987691123406	-0.004593733350016782	-0.07454871263192286	0.03252119671125253	-0.01916842928004764
-0.008415028036974692	-0.02312399739753601	-0.015855133725021286	-0.08991576516482191	-0.03710446908142839	0.29708656718713455	-0.01858035260206692	-0.021980821902749637	0.026540358205904058
-0.1259737924177502	-0.0037990697081292657	0.02722539130898316	-0.1219950250761016	-0.00841549816012932	0.035054660922975434	-0.12689643147415275	0.0065729762903680156	0.019703230857219978
-0.020017809763071104	-0.00019304349782511832	0.014665441710015215	-0.0225016416157372	-0.014673123701406943	0.03724352088107408	-0.028611913052318583	-0.008345273636388484	0.032332246568165246
-0.046709547451719846	-0.0664858174914249	0.05857708568319081	-0.035138460990082665	-0.07216278031032763	0.063933575172468	-0.03961510860664852	-0.04747732912364566	0.04705809351037016
0.066887198505447	0.052104672843631517	-0.10091409820079938	0.04135588560878467	0.03758462764747461	-0.053194615512983434	0.020133568897801712	0.0433154149773024	-0.058870315643972104
-0.020807942803079738	-0.17735964278611782	0.049064787592236814	-0.029342668293783847	-0.24611853765719627	0.044283825406026656	-0.03162559436497281	-0.10958650577692952	0.01201004230337649
-0.0317758940243823	-0.03541273449782911	0.04442148103227389	0.020524576006173634	-0.053275261127451956	0.08728080278087014	0.019159173968565257	-0.036501288575735535	0.06118576519640628
-0.07239471305533873	0.03404603786671523	-0.03559783468876254	-0.037327874416002604	0.0301000282565016	-0.03195116950807242	-0.04264267131211252	0.036713688267892564	-0.03371428895345813
0.011337891624376484	0.048844664435528706	-0.0964481815305962	0.022175425956413086	0.03150332846813875	-0.059851307128978626	0.019595068679617245	0.04430128359024088	-0.07213698160561544
0.005783096515369679	-0.08290945254518345	0.1291487386862712	0.008474520872214342	-0.11469155527891084	0.16424879183118324	0.002320743314853768	-0.10103058638935225	0.15017955173056197
0.08549493621582083	0.003662133189462402	-0.026751496427910637	0.0873736182825221	0.021763067350358378	-0.04247947688587084	0.07788779335465934	0.02510457121910148	-0.05068256599987703
-0.005611097650898178	-0.10349091029231827	-0.011999729229251244	-0.006144835716633157	-0.12840877199618494	0.02712217115733595	-0.006960648207400055	-0.10992663362129129	0.019472450256941887
0.14975560671448618	-0.19371414068546366	0.10048216057414977	0.13648308126859932	-0.30116257830490645	0.17444541879604192	0.13441351348380026	-0.2563726466295879	0.16236138640743114
0.11092515188925756	-0.002238864227985249	0.07797287218361676	0.15156572671777468	-0.035845235738563797	0.2653891452727394	0.14388160370536485	-0.032181295379712704	0.23576509439009707
-0.18709165717767062	-0.001624740971241878	0.14264126249258213	-0.03249832889168125	0.022131275950756812	0.2689204176082971	-0.04345128167541801	0.0297899688603237	0.22921294383366342
-0.07662436990817323	0.03184448781597948	-0.015972192767330362	-0.046350773051502814	0.019277418871235796	0.024655749186125953	-0.06191902017810669	0.027143877148658402	0.010964593021746405
-0.03923219252924892	-0.006843532946705144	-0.050740435106803206	-0.04606078217390741	-0.030933168028517644	0.0036299077002325264	-0.050919024828662174	-0.01531022837081275	-0.01981870901008126
-0.047587580771232596	-0.08548477070970883	0.236995256689845	-0.026564638543182473	-0.10655980561619138	0.2988044592601561	-0.02851895905051982	-0.0972470798411651	0.28798223877711027
0.06382833944459598	-0.04892826019737506	0.09978735351313145	0.05009104201797465	-0.0628685439598401	0.09735330083221239	0.04599273192336706	-0.04448884728756619	0.08186842864818944
0.03803870510139917	0.057363201082954896	-0.11674852304480116	-0.09350580673149944	-0.4981988436274372	0.5408224533016305	-0.11428348524264687	-0.6611161045996239	0.6966018681909176
-0.006932775312966766	-0.1444723971212376	0.1801679908318905	0.013247022360401317	-0.16851009459533284	0.19539671645260648	0.011481032844952166	-0.14218667945212027	0.18763997266957522
0.037245338553572815	0.0055181797401787636	0.01747091596169259	0.061999438820910635	-0.012138970375224378	0.028664848469253545	0.04932804800486079	0.0014154135456576622	0.013981239906459386
-0.0189183137816068	-0.09168479132202556	0.20170689581278056	-0.02524429116705751	-0.0734271029546335	0.16224940071001948	-0.03185626272478603	-0.06590460957245237	0.15181687684658263
0.0033277667943353295	-0.045794311666299437	0.07891280753550828	-0.009653911556748218	-0.07690016702452751	0.1004235283622884	-0.015978631171374547	-0.05164694172212547	0.09070944546920912
0.05344259234419313	-0.06526209517758585	0.08007774025810732	0.06450447704907214	-0.08116712943382842	0.08929802204854714	0.05934521687809757	-0.06414124284539557	0.08443743528659031
0.06916285514879872	-0.02071161287268508	0.026516681322013846	0.04105381682424558	-0.08240670336202804	0.12960430639382353	0.03569431851389193	-0.06940620158468114	0.11324390933559575
-0.047797058349338784	-0.008764924399989993	-0.08066080678076731	-0.054484545356111136	-0.028319129022204237	-0.029115543879023376	-0.05071679169588239	-0.019509184364699172	-0.062022707208822414
0.07275149546605131	-0.0942476304445562	0.04211445045301754	0.07168602249545142	-0.162989957206798	0.12799169880265204	0.07274264281736509	-0.1453254770071719	0.1263115355522217
-0.02586503426556852	0.03661270678752426	-0.013768135968750261	-0.04407787009926678	0.008141044653171114	0.056778644442486204	-0.05676558010394106	0.012359188230323781	0.05167017171429522
-0.07084370504089477	-0.0002533138618957542	0.036250631442257264	-0.08237240002152135	-0.053295198108632036	0.11895894326135042	-0.08696377003018307	-0.02791782992970726	0.10586531923404541
-0.11183321290094483	-0.08628725526507564	0.11176094170748108	-0.09333937403710046	-0.08044019082081644	0.09067551667536955	-0.09885717538112049	-0.0549828789063459	0.06287092331114713
0.09487292670478453	-0.05938458712685657	-0.02506642034999995	0.11420840948831867	-0.07726701971624095	-0.019398275740319493	0.10776001620570363	-0.06065694205894956	-0.0263338422910242
0.04114289266685278	-0.03032635214886137	0.017282936184656372	0.0302421747456203	-0.06255096971192364	0.05424142583543512	0.02260863665534174	-0.047134295763616385	0.035105553226553954
-0.06270745455745075	0.0008209261769600573	0.004187959861814694	-0.572227885256897	-0.06841203588893419	1.914634508097624	-0.6177393317399987	-0.06483709558632111	2.1311329762028404
0.026631839708376903	0.04295151083174886	-0.07029017763790596	0.05792185813058126	-0.0018539606616598814	-0.05753790209360787	0.04555450054343657	0.03748404212805356	-0.06759513364048275
0.020650456679225715	-0.06579370583160271	0.11426140339589519	0.03728757024138407	-0.08031660422827858	0.12715810097963626	0.034565637564113794	-0.05389051927650712	0.1234039832559885
0.0693931830801181	0.0834313723153608	-0.21499528679864394	0.2540510201559033	0.06350997982944484	-0.1807808206389482	0.26759088305144785	0.06941674900705508	-0.19183061966207676
-0.005162847547387606	-0.010068735124586836	0.0011940483396243873	0.008119390302245066	-0.030261535391432504	0.02556831427693962	-0.0007563686871048247	-0.01771914221407145	0.016170195045949187
